0 0 0 0 0 0 0 0 0 0 0 0 0 0 0 0 0 0 0 0 0 25 48 59 70 76 82 93 99 99 104 110 116 116 121 121 127 127 127 127 133 133 133 133 133 133 133 133 133 127 127 127 127 121 121 116 116 110 104 99 99 93 82 76 70 59 48 25 0 0 0 0 0 0 0 0 0 0 0 0 0 0 0 0 0 0 0 0 0 0 0 0 0 0 0 0 0 0 0 0 0 0 0 0 0 0 0 0 0 0 0 0 0 0 0 0 0 0 85 85 85 85 85 85 85 85 85 85 85 85 85 85 85 85 85 85 85 85 85 85 85 85 85 85 85 85 85 85 85 85 85 85 85 0 0 0 0 0 0 0 0 0 0 0 0 0 0 0 0 0 0 0 0 0 0 0 0 0 0 0 
0 0 0 0 0 0 0 0 0 0 0 0 0 0 0 0 0 0 0 0 25 48 59 70 76 82 93 96 99 102 107 113 116 119 121 124 127 127 127 130 133 133 133 133 133 133 133 133 130 127 127 127 124 121 119 116 113 107 102 99 99 82 76 70 59 48 25 0 0 0 0 0 0 0 0 0 0 0 0 0 0 0 0 0 0 0 0 0 0 0 0 0 0 0 0 0 0 0 0 0 0 0 0 0 0 0 0 0 0 0 0 0 0 0 0 0 0 0 0 85 85 85 85 85 85 85 85 85 85 85 85 85 85 85 85 85 85 85 85 85 85 85 85 85 85 85 85 85 85 85 85 85 85 85 0 0 0 0 0 0 0 0 0 0 0 0 0 0 0 0 0 0 0 0 0 0 0 0 0 0 
0 0 0 0 0 0 0 0 0 0 0 0 0 0 0 0 0 0 0 19 36 53 65 73 79 87 96 99 102 107 113 116 119 121 124 127 127 127 130 133 133 133 133 133 133 136 133 130 127 127 127 124 121 119 116 113 107 102 99 96 87 79 73 65 53 36 5 0 0 0 0 0 0 0 0 0 0 0 0 0 0 0 0 0 0 0 0 0 0 0 0 0 0 0 0 0 0 0 0 0 0 0 0 0 0 0 0 0 0 0 0 0 0 0 0 0 0 0 0 36 85 85 85 85 85 85 85 85 85 85 85 85 85 87 85 85 85 85 85 85 85 85 85 85 85 85 85 85 85 85 85 85 85 85 48 0 0 0 0 0 0 0 0 0 0 0 0 0 0 0 0 0 0 0 0 0 0 0 0 0 
0 0 0 0 0 0 0 0 0 0 0 0 0 0 0 0 0 0 2 36 53 68 73 79 87 96 96 102 104 110 113 119 119 124 124 127 130 130 130 133 136 133 133 133 133 130 130 130 127 124 124 124 119 119 113 110 104 102 96 93 79 73 65 53 36 19 0 0 0 0 0 0 0 0 0 0 0 0 0 0 0 0 0 0 0 0 0 0 0 0 0 0 0 0 0 0 0 0 0 0 0 0 0 0 0 0 0 0 0 0 0 0 0 0 0 0 0 0 0 0 51 85 85 85 85 85 85 85 85 85 85 85 85 85 85 85 85 85 87 85 85 85 85 85 85 85 85 85 85 85 85 85 85 85 85 31 0 0 0 0 0 0 0 0 0 0 0 0 0 0 0 0 0 0 0 0 0 0 0 0 
0 0 0 0 0 0 0 0 0 0 0 0 0 0 0 0 0 0 31 51 59 68 76 87 90 96 102 104 110 116 119 121 124 124 127 130 130 133 133 133 133 133 133 133 130 130 130 130 124 124 121 121 119 113 110 104 102 96 90 85 76 68 59 42 25 0 0 0 0 0 0 0 0 0 0 0 0 0 0 0 0 0 0 0 0 0 0 0 0 0 0 0 0 0 0 0 0 0 0 0 0 0 0 0 0 0 0 0 0 0 0 0 0 0 0 0 0 0 0 0 17 59 85 85 85 85 87 85 85 85 85 85 85 85 85 85 85 85 85 85 85 87 85 85 85 85 85 85 85 85 85 85 85 85 85 65 22 0 0 0 0 0 0 0 0 0 0 0 0 0 0 0 0 0 0 0 0 0 0 0 
0 0 0 0 0 0 0 0 0 0 0 0 0 0 0 0 0 19 42 59 68 76 85 90 93 99 107 107 113 116 121 121 124 124 130 133 133 130 133 133 133 133 133 130 130 130 130 127 124 121 121 116 113 110 107 104 99 90 90 82 68 59 48 36 0 0 0 0 0 0 0 0 0 0 0 0 0 0 0 0 0 0 0 0 0 0 0 0 0 0 0 0 0 0 0 0 0 0 0 0 0 0 0 0 0 0 0 0 0 0 0 0 0 0 0 0 0 0 0 0 0 31 65 85 85 85 85 85 85 85 85 87 85 85 85 85 85 85 85 85 85 85 87 87 85 85 85 85 85 85 85 85 85 85 87 82 48 17 0 0 0 0 0 0 0 0 0 0 0 0 0 0 0 0 0 0 0 0 0 0 
0 0 0 0 0 0 0 0 0 0 0 0 0 0 0 0 11 39 59 65 70 82 87 90 104 110 107 113 116 119 121 121 124 127 133 133 130 130 133 133 133 133 130 133 133 133 127 124 121 121 119 113 113 110 110 99 90 87 82 70 62 59 36 8 0 0 0 0 0 0 0 0 0 0 0 0 0 0 0 0 0 0 0 0 0 0 0 0 0 0 0 0 0 0 0 0 0 0 0 0 0 0 0 0 0 0 0 0 0 0 0 0 0 0 0 0 0 0 0 0 0 11 39 65 87 87 85 85 85 85 85 85 85 85 87 85 85 85 85 85 85 85 85 87 87 85 85 85 85 85 85 85 85 87 87 85 68 39 11 0 0 0 0 0 0 0 0 0 0 0 0 0 0 0 0 0 0 0 0 0 
0 0 0 0 0 0 0 0 0 0 0 0 0 0 0 2 36 51 62 70 82 87 87 93 107 110 113 113 119 121 121 124 130 130 133 130 130 130 133 133 136 133 133 130 130 127 124 121 121 121 116 110 107 107 102 93 87 87 76 62 59 42 17 0 0 0 0 0 0 0 0 0 0 0 0 0 0 0 0 0 0 0 0 0 0 0 0 0 0 0 0 0 0 0 0 0 0 0 0 0 0 0 0 0 0 0 0 0 0 0 0 0 0 0 0 0 0 0 0 0 0 0 22 48 70 85 85 85 87 87 85 85 85 85 85 85 87 87 85 85 85 85 85 85 87 87 85 85 85 85 85 85 87 87 85 85 79 56 34 8 0 0 0 0 0 0 0 0 0 0 0 0 0 0 0 0 0 0 0 0 
0 0 0 0 0 0 0 0 0 0 0 0 0 0 0 25 42 62 68 76 85 87 93 104 107 113 113 116 119 121 121 130 130 133 130 130 130 133 136 136 133 133 130 130 127 127 124 124 121 116 110 110 107 107 99 87 85 76 68 62 45 31 0 0 0 0 0 0 0 0 0 0 0 0 0 0 0 0 0 0 0 0 0 0 0 0 0 0 0 0 0 0 0 0 0 0 0 0 0 0 0 0 0 0 0 0 0 0 0 0 0 0 0 0 0 0 0 0 0 0 0 0 11 31 53 73 85 85 85 85 85 87 87 85 85 85 85 85 87 87 85 85 85 85 85 87 87 85 85 85 85 85 87 87 85 85 85 68 48 28 8 0 0 0 0 0 0 0 0 0 0 0 0 0 0 0 0 0 0 0 
0 0 0 0 0 0 0 0 0 0 0 0 0 0 14 42 51 65 79 85 87 90 99 104 113 113 119 119 119 121 127 130 130 133 130 130 130 136 136 133 130 130 130 130 130 127 124 119 116 113 113 110 107 96 90 85 79 76 65 48 36 5 0 0 0 0 0 0 0 0 0 0 0 0 0 0 0 0 0 0 0 0 0 0 0 0 0 0 0 0 0 0 0 0 0 0 0 0 0 0 0 0 0 0 0 0 0 0 0 0 0 0 0 0 0 0 0 0 0 0 0 0 2 19 36 56 73 87 87 85 85 85 85 87 87 85 85 85 85 87 87 87 85 85 85 85 87 87 85 85 85 85 87 87 85 85 85 76 59 39 22 2 0 0 0 0 0 0 0 0 0 0 0 0 0 0 0 0 0 0 
0 0 0 0 0 0 0 0 0 0 0 0 0 2 39 48 62 70 79 87 93 102 99 107 113 116 119 121 121 124 130 130 130 133 130 133 133 136 133 130 130 133 130 130 127 124 119 119 116 113 110 104 99 96 90 82 76 65 53 45 14 0 0 0 0 0 0 0 0 0 0 0 0 0 0 0 0 0 0 0 0 0 0 0 0 0 0 0 0 0 0 0 0 0 0 0 0 0 0 0 0 0 0 0 0 0 0 0 0 0 0 0 0 0 0 0 0 0 0 0 0 0 0 11 28 45 59 76 85 87 87 87 85 85 85 87 87 85 85 85 87 87 87 85 85 85 87 87 87 85 85 85 87 87 85 85 85 85 68 51 34 17 0 0 0 0 0 0 0 0 0 0 0 0 0 0 0 0 0 0 
0 0 0 0 0 0 0 0 0 0 0 0 0 22 51 56 70 79 82 90 99 102 107 107 116 116 119 121 124 127 130 130 133 130 133 133 133 133 130 133 133 130 130 127 124 121 119 116 116 110 110 102 99 90 82 79 73 56 48 28 0 0 0 0 0 0 0 0 0 0 0 0 0 0 0 0 0 0 0 0 0 0 0 0 0 0 0 0 0 0 0 0 0 0 0 0 0 0 0 0 0 0 0 0 0 0 0 0 0 0 0 0 0 0 0 0 0 0 0 0 0 0 0 2 17 31 48 65 79 85 85 87 87 87 85 85 87 87 87 85 85 87 87 87 85 85 87 87 87 85 85 85 87 87 85 85 85 87 73 59 42 28 14 0 0 0 0 0 0 0 0 0 0 0 0 0 0 0 0 0 
0 0 0 0 0 0 0 0 0 0 0 0 14 39 51 68 76 82 87 96 99 104 110 116 116 119 119 124 127 127 130 130 133 133 133 133 133 133 133 133 130 130 124 127 124 119 116 113 113 110 104 99 90 87 82 76 62 51 39 5 0 0 0 0 0 0 0 0 0 0 0 0 0 0 0 0 0 0 0 0 0 0 0 0 0 0 0 0 0 0 0 0 0 0 0 0 0 0 0 0 0 0 0 0 0 0 0 0 0 0 0 0 0 0 0 0 0 0 0 0 0 0 0 0 11 25 36 51 68 82 87 85 85 87 87 87 85 87 87 87 87 85 87 87 87 85 85 87 87 87 85 85 87 87 87 85 87 87 79 65 51 36 22 11 0 0 0 0 0 0 0 0 0 0 0 0 0 0 0 0 
0 0 0 0 0 0 0 0 0 0 0 0 31 51 56 76 79 85 93 99 104 104 113 116 116 119 124 127 127 127 130 130 136 133 133 130 136 133 133 130 130 127 127 124 121 119 116 116 113 104 99 96 93 85 73 70 56 48 17 0 0 0 0 0 0 0 0 0 0 0 0 0 0 0 0 0 0 0 0 0 0 0 0 0 0 0 0 0 0 0 0 0 0 0 0 0 0 0 0 0 0 0 0 0 0 0 0 0 0 0 0 0 0 0 0 0 0 0 0 0 0 0 0 0 2 19 31 42 56 68 82 87 87 85 87 87 87 87 87 87 87 87 85 87 87 87 85 87 87 87 87 87 87 87 87 85 87 87 85 70 56 45 34 19 5 0 0 0 0 0 0 0 0 0 0 0 0 0 0 0 
0 0 0 0 0 0 0 0 0 0 0 19 45 56 68 73 85 87 96 102 104 110 113 119 116 121 124 130 127 127 130 133 133 133 130 133 136 133 130 133 130 127 124 124 121 116 116 113 104 102 99 96 85 76 76 59 51 34 2 0 0 0 0 0 0 0 0 0 0 0 0 0 0 0 0 0 0 0 0 0 0 0 0 0 0 0 0 0 0 0 0 0 0 0 0 0 0 0 0 0 0 0 0 0 0 0 0 0 0 0 0 0 0 0 0 0 0 0 0 0 0 0 0 0 0 11 22 36 48 59 70 85 87 87 87 87 87 87 87 87 87 87 87 87 87 87 87 87 87 87 87 87 87 87 87 87 87 87 87 73 62 51 39 25 14 2 0 0 0 0 0 0 0 0 0 0 0 0 0 0 
0 0 0 0 0 0 0 0 0 0 5 34 51 62 73 76 87 96 96 104 107 113 113 119 119 121 127 130 127 130 133 133 133 130 133 133 133 130 133 130 127 124 124 121 116 116 116 107 102 102 99 87 82 76 62 56 42 11 0 0 0 0 0 0 0 0 0 0 0 0 0 0 0 0 0 0 0 0 0 0 0 0 0 0 0 0 0 0 0 0 0 0 0 0 0 0 0 0 0 0 0 0 0 0 0 0 0 0 0 0 0 0 0 0 0 0 0 0 0 0 0 0 0 0 0 8 17 28 39 53 62 73 85 87 87 87 90 87 87 87 87 87 87 87 87 87 87 87 87 87 87 90 87 87 87 87 87 87 87 79 68 56 45 34 22 11 0 0 0 0 0 0 0 0 0 0 0 0 0 0 
0 0 0 0 0 0 0 0 0 0 28 45 56 68 76 85 93 96 102 107 110 113 119 121 121 121 127 130 127 133 133 133 130 133 133 133 133 133 130 127 127 124 124 119 119 116 107 107 104 96 90 87 79 68 62 45 31 0 0 0 0 0 0 0 0 0 0 0 0 0 0 0 0 0 0 0 0 0 0 0 0 0 0 0 0 0 0 0 0 0 0 0 0 0 0 0 0 0 0 0 0 0 0 0 0 0 0 0 0 0 0 0 0 0 0 0 0 0 0 0 0 0 0 0 0 2 11 25 34 45 56 68 76 87 90 87 87 90 87 87 87 90 87 87 90 87 87 87 90 87 87 90 87 87 87 90 87 87 90 82 70 62 51 39 28 19 5 0 0 0 0 0 0 0 0 0 0 0 0 0 
0 0 0 0 0 0 0 0 0 8 39 53 65 73 79 90 93 99 102 110 110 113 121 121 121 124 127 130 130 133 133 133 133 133 133 133 133 130 130 127 124 124 121 121 116 107 110 107 99 93 93 79 73 65 51 36 5 0 0 0 0 0 0 0 0 0 0 0 0 0 0 0 0 0 0 0 0 0 0 0 0 0 0 0 0 0 0 0 0 0 0 0 0 0 0 0 0 0 0 0 0 0 0 0 0 0 0 0 0 0 0 0 0 0 0 0 0 0 0 0 0 0 0 0 0 0 8 17 31 39 48 56 70 79 87 90 87 87 90 87 87 90 90 87 87 90 87 87 90 87 87 90 90 87 87 90 87 87 90 85 73 65 53 45 34 25 14 5 0 0 0 0 0 0 0 0 0 0 0 0 
0 0 0 0 0 0 0 0 0 28 42 62 65 79 85 90 99 102 104 110 110 119 121 121 124 127 127 130 133 133 130 136 133 133 133 133 130 133 127 124 124 121 121 119 110 110 107 99 96 93 82 79 68 62 45 25 0 0 0 0 0 0 0 0 0 0 0 0 0 0 0 0 0 0 0 0 0 0 0 0 0 0 0 0 0 0 0 0 0 0 0 0 0 0 0 0 0 0 0 0 0 0 0 0 0 0 0 0 0 0 0 0 0 0 0 0 0 0 0 0 0 0 0 0 0 0 2 14 22 31 42 53 62 73 82 87 90 90 87 90 90 87 90 90 87 90 90 87 90 90 87 90 90 87 90 90 87 90 90 87 76 68 56 48 39 28 19 11 0 0 0 0 0 0 0 0 0 0 0 0 
0 0 0 0 0 0 0 0 11 39 51 65 70 85 87 93 102 104 107 110 116 121 121 121 127 127 127 133 133 130 133 136 133 133 133 130 133 130 127 127 124 121 119 119 110 107 104 99 96 85 85 68 65 56 36 8 0 0 0 0 0 0 0 0 0 0 0 0 0 0 0 0 0 0 0 0 0 0 0 0 0 0 0 0 0 0 0 0 0 0 0 0 0 0 0 0 0 0 0 0 0 0 0 0 0 0 0 0 0 0 0 0 0 0 0 0 0 0 0 0 0 0 0 0 0 0 0 8 19 28 36 48 56 65 76 85 87 90 90 87 90 90 87 90 90 90 90 90 90 90 87 90 90 87 90 90 87 90 90 87 79 70 62 53 45 34 25 17 5 0 0 0 0 0 0 0 0 0 0 0 
0 0 0 0 0 0 0 2 22 45 62 68 76 87 93 96 104 104 110 113 119 121 124 121 127 130 133 133 130 133 133 136 133 133 130 133 130 127 127 124 121 121 119 110 107 107 104 96 87 87 76 65 62 45 25 0 0 0 0 0 0 0 0 0 0 0 0 0 0 0 0 0 0 0 0 0 0 0 0 0 0 0 0 0 0 0 0 0 0 0 0 0 0 0 0 0 0 0 0 0 0 0 0 0 0 0 0 0 0 0 0 0 0 0 0 0 0 0 0 0 0 0 0 0 0 0 0 8 14 25 34 42 51 59 68 79 85 90 90 90 90 90 90 90 90 90 90 90 90 90 90 90 90 90 90 90 87 90 90 90 82 73 65 56 48 36 31 19 11 2 0 0 0 0 0 0 0 0 0 0 
0 0 0 0 0 0 0 8 36 56 65 73 82 90 96 99 107 107 113 116 119 121 124 124 127 130 133 130 130 133 133 136 133 130 130 130 130 127 124 124 121 121 113 110 110 104 102 93 87 85 70 65 53 36 8 0 0 0 0 0 0 0 0 0 0 0 0 0 0 0 0 0 0 0 0 0 0 0 0 0 0 0 0 0 0 0 0 0 0 0 0 0 0 0 0 0 0 0 0 0 0 0 0 0 0 0 0 0 0 0 0 0 0 0 0 0 0 0 0 0 0 0 0 0 0 0 0 2 14 19 31 36 45 56 62 70 79 87 90 90 90 90 90 93 90 90 90 90 90 90 90 93 90 90 90 90 93 90 90 90 85 76 68 59 51 42 34 22 17 8 0 0 0 0 0 0 0 0 0 0 
0 0 0 0 0 0 0 22 45 59 70 79 85 93 99 99 107 107 113 116 124 121 124 124 127 133 130 130 133 133 130 136 130 133 130 130 130 124 124 121 121 116 113 110 104 102 99 90 87 76 70 59 48 28 0 0 0 0 0 0 0 0 0 0 0 0 0 0 0 0 0 0 0 0 0 0 0 0 0 0 0 0 0 0 0 0 0 0 0 0 0 0 0 0 0 0 0 0 0 0 0 0 0 0 0 0 0 0 0 0 0 0 0 0 0 0 0 0 0 0 0 0 0 0 0 0 0 0 8 17 25 34 42 48 59 65 76 82 90 93 90 93 90 90 93 90 93 90 90 93 90 93 90 90 90 90 93 90 90 90 85 79 68 62 51 45 36 28 19 11 5 0 0 0 0 0 0 0 0 0 
0 0 0 0 0 0 8 34 53 62 73 79 90 93 102 104 107 113 116 116 124 124 127 127 127 130 130 133 133 130 133 136 133 133 127 130 127 124 127 121 119 116 113 107 104 102 93 93 82 76 62 56 39 11 0 0 0 0 0 0 0 0 0 0 0 0 0 0 0 0 0 0 0 0 0 0 0 0 0 0 0 0 0 0 0 0 0 0 0 0 0 0 0 0 0 0 0 0 0 0 0 0 0 0 0 0 0 0 0 0 0 0 0 0 0 0 0 0 0 0 0 0 0 0 0 0 0 0 5 14 22 31 39 45 53 62 68 79 85 93 93 90 93 90 93 90 93 93 90 93 90 93 90 93 93 90 93 90 93 93 87 79 70 65 53 48 42 31 25 17 8 0 0 0 0 0 0 0 0 0 
0 0 0 0 0 0 19 45 56 68 76 85 93 96 102 104 110 116 116 116 124 124 127 127 127 130 130 133 133 133 133 133 133 130 127 130 124 127 124 119 119 113 113 107 102 99 93 87 79 70 59 51 28 2 0 0 0 0 0 0 0 0 0 0 0 0 0 0 0 0 0 0 0 0 0 0 0 0 0 0 0 0 0 0 0 0 0 0 0 0 0 0 0 0 0 0 0 0 0 0 0 0 0 0 0 0 0 0 0 0 0 0 0 0 0 0 0 0 0 0 0 0 0 0 0 0 0 0 2 11 19 28 34 42 51 59 65 70 79 87 93 93 93 93 93 93 90 93 90 93 93 93 93 93 93 90 93 90 93 93 87 82 73 65 56 51 42 34 28 19 14 2 0 0 0 0 0 0 0 0 
0 0 0 0 0 2 31 51 62 73 79 87 96 99 102 110 113 116 116 119 124 124 127 127 127 130 133 133 133 133 130 136 130 130 127 127 127 124 121 119 116 113 113 102 102 96 90 82 76 68 53 45 19 0 0 0 0 0 0 0 0 0 0 0 0 0 0 0 0 0 0 0 0 0 0 0 0 0 0 0 0 0 0 0 0 0 0 0 0 0 0 0 0 0 0 0 0 0 0 0 0 0 0 0 0 0 0 0 0 0 0 0 0 0 0 0 0 0 0 0 0 0 0 0 0 0 0 0 2 8 17 22 31 36 48 53 62 68 76 82 90 93 96 93 93 93 93 93 93 93 93 93 93 93 93 93 93 96 93 93 87 82 73 68 59 53 45 36 28 22 14 8 2 0 0 0 0 0 0 0 
0 0 0 0 0 11 42 53 68 76 82 93 96 99 104 110 113 116 119 121 124 127 127 127 130 130 133 130 133 133 133 133 133 130 124 130 124 124 119 119 116 113 107 104 96 96 85 82 76 62 51 34 5 0 0 0 0 0 0 0 0 0 0 0 0 0 0 0 0 0 0 0 0 0 0 0 0 0 0 0 0 0 0 0 0 0 0 0 0 0 0 0 0 0 0 0 0 0 0 0 0 0 0 0 0 0 0 0 0 0 0 0 0 0 0 0 0 0 0 0 0 0 0 0 0 0 0 0 0 5 17 22 31 36 45 51 56 65 70 79 85 93 93 93 93 93 93 96 93 96 93 96 93 96 93 96 93 96 93 96 90 85 76 70 62 56 45 39 31 25 17 11 2 0 0 0 0 0 0 0 
0 0 0 0 0 22 45 56 70 76 82 93 99 102 107 113 113 119 119 121 127 130 127 127 130 133 133 133 130 136 133 133 130 127 127 130 127 121 119 119 113 113 107 102 99 93 82 79 73 59 48 28 0 0 0 0 0 0 0 0 0 0 0 0 0 0 0 0 0 0 0 0 0 0 0 0 0 0 0 0 0 0 0 0 0 0 0 0 0 0 0 0 0 0 0 0 0 0 0 0 0 0 0 0 0 0 0 0 0 0 0 0 0 0 0 0 0 0 0 0 0 0 0 0 0 0 0 0 0 5 11 19 25 34 39 48 53 62 68 76 82 90 93 96 93 96 93 96 93 96 93 96 93 96 93 96 93 96 93 96 90 85 76 70 62 56 48 42 34 28 19 14 5 2 0 0 0 0 0 0 
0 0 0 0 2 34 48 62 73 82 87 96 99 104 107 113 113 119 119 121 130 127 127 127 133 133 130 136 130 136 130 133 130 130 127 130 124 121 119 116 113 110 107 99 96 87 85 76 65 53 42 14 0 0 0 0 0 0 0 0 0 0 0 0 0 0 0 0 0 0 0 0 0 0 0 0 0 0 0 0 0 0 0 0 0 0 0 0 0 0 0 0 0 0 0 0 0 0 0 0 0 0 0 0 0 0 0 0 0 0 0 0 0 0 0 0 0 0 0 0 0 0 0 0 0 0 0 0 0 2 11 17 25 31 36 42 51 56 65 73 79 87 90 96 96 96 96 96 96 96 96 96 96 96 96 96 96 96 96 96 90 85 76 73 65 59 51 45 36 28 22 17 11 2 0 0 0 0 0 0 
0 0 0 0 8 42 51 68 79 82 87 96 99 107 107 113 116 119 121 121 127 127 130 127 130 133 133 133 133 133 130 133 130 130 124 127 121 121 119 116 110 107 104 99 93 87 82 73 62 48 34 8 0 0 0 0 0 0 0 0 0 0 0 0 0 0 0 0 0 0 0 0 0 0 0 0 0 0 0 0 0 0 0 0 0 0 0 0 0 0 0 0 0 0 0 0 0 0 0 0 0 0 0 0 0 0 0 0 0 0 0 0 0 0 0 0 0 0 0 0 0 0 0 0 0 0 0 0 0 2 8 14 19 28 36 42 51 53 62 68 76 82 87 96 96 99 96 99 96 96 96 96 99 96 99 96 99 96 96 96 90 87 79 73 65 59 53 45 39 31 25 19 14 5 0 0 0 0 0 0 
0 0 0 0 19 42 59 68 79 87 90 96 104 107 110 113 119 121 124 124 127 127 130 130 130 133 130 133 130 133 130 130 130 127 127 124 121 121 119 113 110 107 104 96 87 87 79 68 65 48 25 0 0 0 0 0 0 0 0 0 0 0 0 0 0 0 0 0 0 0 0 0 0 0 0 0 0 0 0 0 0 0 0 0 0 0 0 0 0 0 0 0 0 0 0 0 0 0 0 0 0 0 0 0 0 0 0 0 0 0 0 0 0 0 0 0 0 0 0 0 0 0 0 0 0 0 0 0 0 0 8 14 19 28 31 39 45 53 59 65 73 79 85 90 99 99 96 99 96 99 99 99 99 96 99 96 99 99 99 99 93 87 79 73 68 59 53 45 42 34 28 19 14 8 0 0 0 0 0 0 
0 0 0 2 31 48 62 73 85 87 90 102 104 107 113 116 119 121 124 121 127 130 133 130 130 133 130 136 130 133 127 133 130 130 124 127 121 119 119 110 110 104 102 93 87 87 76 68 56 36 19 0 0 0 0 0 0 0 0 0 0 0 0 0 0 0 0 0 0 0 0 0 0 0 0 0 0 0 0 0 0 0 0 0 0 0 0 0 0 0 0 0 0 0 0 0 0 0 0 0 0 0 0 0 0 0 0 0 0 0 0 0 0 0 0 0 0 0 0 0 0 0 0 0 0 0 0 0 0 0 5 11 19 22 31 39 42 51 56 62 70 76 82 87 96 99 99 99 99 99 99 99 99 99 99 99 99 99 99 99 93 87 79 76 68 59 56 48 42 36 28 22 17 11 2 0 0 0 0 0 
0 0 0 5 36 51 65 76 85 90 90 102 104 107 116 116 121 121 124 124 127 130 133 130 133 130 136 133 133 133 130 133 130 127 121 121 121 119 116 113 110 107 99 93 90 82 73 65 56 36 8 0 0 0 0 0 0 0 0 0 0 0 0 0 0 0 0 0 0 0 0 0 0 0 0 0 0 0 0 0 0 0 0 0 0 0 0 0 0 0 0 0 0 0 0 0 0 0 0 0 0 0 0 0 0 0 0 0 0 0 0 0 0 0 0 0 0 0 0 0 0 0 0 0 0 0 0 0 0 0 2 11 17 22 31 34 42 51 53 62 65 73 82 85 93 99 99 102 99 99 102 99 99 102 99 102 99 99 102 99 93 87 82 76 68 62 56 51 42 36 31 25 19 11 5 0 0 0 0 0 
0 0 0 17 39 59 68 76 87 90 96 102 107 110 116 116 121 124 121 124 127 130 130 130 133 130 133 133 133 130 133 127 130 124 124 121 121 119 116 110 107 104 99 90 87 82 70 62 48 34 2 0 0 0 0 0 0 0 0 0 0 0 0 0 0 0 0 0 0 0 0 0 0 0 0 0 0 0 0 0 0 0 0 0 0 0 0 0 0 0 0 0 0 0 0 0 0 0 0 0 0 0 0 0 0 0 0 0 0 0 0 0 0 0 0 0 0 0 0 0 0 0 0 0 0 0 0 0 0 0 2 8 14 22 25 34 42 45 53 59 65 70 79 82 90 93 102 102 99 102 102 99 102 102 99 102 102 99 102 99 96 87 82 76 70 62 59 51 42 39 31 25 19 14 5 2 0 0 0 0 
0 0 0 28 42 59 70 79 85 90 96 104 107 110 116 116 121 121 121 127 130 130 133 133 133 130 133 130 130 133 133 130 130 127 121 121 121 116 116 110 107 102 96 90 87 79 70 59 42 25 0 0 0 0 0 0 0 0 0 0 0 0 0 0 0 0 0 0 0 0 0 0 0 0 0 0 0 0 0 0 0 0 0 0 0 0 0 0 0 0 0 0 0 0 0 0 0 0 0 0 0 0 0 0 0 0 0 0 0 0 0 0 0 0 0 0 0 0 0 0 0 0 0 0 0 0 0 0 0 0 0 8 14 19 25 34 36 45 51 56 62 70 73 82 87 93 99 102 104 102 102 104 102 102 104 102 102 104 102 99 96 87 82 76 70 62 59 51 45 39 34 25 19 17 8 2 0 0 0 0 
0 0 0 34 51 62 70 82 85 96 96 104 107 110 116 119 121 121 124 127 127 130 133 130 130 133 133 133 130 133 130 127 127 124 124 121 119 116 113 110 104 102 96 90 82 79 68 56 39 17 0 0 0 0 0 0 0 0 0 0 0 0 0 0 0 0 0 0 0 0 0 0 0 0 0 0 0 0 0 0 0 0 0 0 0 0 0 0 0 0 0 0 0 0 0 0 0 0 0 0 0 0 0 0 0 0 0 0 0 0 0 0 0 0 0 0 0 0 0 0 0 0 0 0 0 0 0 0 0 0 0 8 11 19 25 31 36 42 51 53 62 68 73 79 85 90 96 104 104 102 104 104 102 104 104 102 102 104 104 99 96 87 82 79 70 65 56 53 45 39 36 28 22 17 11 2 0 0 0 0 
0 0 5 34 51 65 76 82 87 96 99 104 107 110 116 119 119 121 127 127 127 133 130 133 130 133 130 130 133 133 133 127 130 124 121 121 119 116 113 110 104 99 99 87 82 73 65 53 36 8 0 0 0 0 0 0 0 0 0 0 0 0 0 0 0 0 0 0 0 0 0 0 0 0 0 0 0 0 0 0 0 0 0 0 0 0 0 0 0 0 0 0 0 0 0 0 0 0 0 0 0 0 0 0 0 0 0 0 0 0 0 0 0 0 0 0 0 0 0 0 0 0 0 0 0 0 0 0 0 0 0 5 11 19 22 28 36 42 45 53 59 68 70 76 85 87 93 102 104 104 104 104 107 104 104 104 104 104 104 99 96 87 82 79 70 65 59 53 48 39 34 31 22 17 14 5 0 0 0 0 
0 0 11 39 56 68 76 82 87 96 99 104 107 113 116 119 119 124 127 127 127 130 130 136 133 130 130 130 136 133 130 130 127 124 124 119 119 116 113 107 102 99 96 87 79 73 65 51 34 5 0 0 0 0 0 0 0 0 0 0 0 0 0 0 0 0 0 0 0 0 0 0 0 0 0 0 0 0 0 0 0 0 0 0 0 0 0 0 0 0 0 0 0 0 0 0 0 0 0 0 0 0 0 0 0 0 0 0 0 0 0 0 0 0 0 0 0 0 0 0 0 0 0 0 0 0 0 0 0 0 0 5 11 17 22 28 36 39 45 51 59 62 68 76 82 87 93 99 104 107 104 107 107 107 104 107 107 107 104 102 96 87 82 76 70 65 59 53 48 42 36 28 25 19 11 5 2 0 0 0 
0 0 17 39 53 70 79 82 90 96 102 104 113 113 119 119 119 124 127 124 127 130 133 133 133 130 130 133 133 133 127 130 124 124 124 119 119 116 113 107 102 99 96 87 79 73 62 51 25 0 0 0 0 0 0 0 0 0 0 0 0 0 0 0 0 0 0 0 0 0 0 0 0 0 0 0 0 0 0 0 0 0 0 0 0 0 0 0 0 0 0 0 0 0 0 0 0 0 0 0 0 0 0 0 0 0 0 0 0 0 0 0 0 0 0 0 0 0 0 0 0 0 0 0 0 0 0 0 0 0 0 5 8 17 22 28 34 39 45 51 56 62 68 73 82 87 90 96 104 107 107 107 107 107 107 107 107 107 104 102 96 87 82 76 73 65 59 53 51 42 36 31 22 19 14 8 0 0 0 0 
0 0 22 48 59 73 76 85 90 99 102 104 113 116 119 121 121 127 124 127 130 130 136 133 130 130 130 136 136 130 130 127 124 127 121 119 119 119 113 104 102 99 93 87 79 73 59 51 22 0 0 0 0 0 0 0 0 0 0 0 0 0 0 0 0 0 0 0 0 0 0 0 0 0 0 0 0 0 0 0 0 0 0 0 0 0 0 0 0 0 0 0 0 0 0 0 0 0 0 0 0 0 0 0 0 0 0 0 0 0 0 0 0 0 0 0 0 0 0 0 0 0 0 0 0 0 0 0 0 0 0 2 8 17 22 28 31 36 45 51 56 59 68 73 79 85 90 96 102 107 110 107 107 110 110 110 110 107 104 102 96 87 82 76 73 68 59 53 48 45 36 31 25 19 14 8 2 0 0 0 
0 0 19 45 56 70 76 85 93 99 104 107 113 116 116 121 121 130 124 130 127 130 133 133 133 130 133 133 130 130 130 130 124 127 121 119 113 116 110 104 102 96 93 85 79 70 59 48 22 0 0 0 0 0 0 0 0 0 0 0 0 0 0 0 0 0 0 0 0 0 0 0 0 0 0 0 0 0 0 0 0 0 0 0 0 0 0 0 0 0 0 0 0 0 0 0 0 0 0 0 0 0 0 0 0 0 0 0 0 0 0 0 0 0 0 0 0 0 0 0 0 0 0 0 0 0 0 0 0 0 0 2 8 17 19 25 31 36 45 51 53 59 65 73 79 85 90 93 99 107 110 110 113 110 110 110 110 110 107 102 96 87 82 76 73 68 62 53 48 42 39 34 25 19 14 8 2 0 0 0 
0 2 28 48 59 70 76 87 93 99 104 107 113 116 116 121 124 127 127 127 130 130 133 133 133 130 136 130 130 133 127 127 127 127 124 119 116 116 110 104 102 96 93 87 73 70 56 45 14 0 0 0 0 0 0 0 0 0 0 0 0 0 0 0 0 0 0 0 0 0 0 0 0 0 0 0 0 0 0 0 0 0 0 0 0 0 0 0 0 0 0 0 0 0 0 0 0 0 0 0 0 0 0 0 0 0 0 0 0 0 0 0 0 0 0 0 0 0 0 0 0 0 0 0 0 0 0 0 0 0 0 2 8 14 19 25 31 36 42 51 53 59 65 70 76 82 90 96 99 104 110 113 113 113 113 110 110 113 107 102 96 87 82 76 70 68 62 56 48 42 36 31 28 22 17 8 2 0 0 0 
0 2 31 51 62 73 79 87 93 99 104 107 113 113 119 121 124 124 127 127 130 127 130 133 130 133 130 130 130 133 127 127 127 121 121 116 119 116 110 104 102 96 93 85 73 65 59 45 11 0 0 0 0 0 0 0 0 0 0 0 0 0 0 0 0 0 0 0 0 0 0 0 0 0 0 0 0 0 0 0 0 0 0 0 0 0 0 0 0 0 0 0 0 0 0 0 0 0 0 0 0 0 0 0 0 0 0 0 0 0 0 0 0 0 0 0 0 0 0 0 0 0 0 0 0 0 0 0 0 0 0 2 8 14 19 25 31 36 42 45 53 59 65 70 76 82 87 93 99 104 110 113 113 113 113 113 116 113 107 102 96 87 82 76 70 65 62 56 51 45 36 31 25 19 14 8 5 0 0 0 
0 2 34 53 62 70 82 87 93 99 104 107 113 113 119 121 124 124 127 127 130 133 127 133 133 133 130 133 130 127 130 127 127 124 124 121 116 110 107 107 102 93 90 85 73 65 56 42 14 0 0 0 0 0 0 0 0 0 0 0 0 0 0 0 0 0 0 0 0 0 0 0 0 0 0 0 0 0 0 0 0 0 0 0 0 0 0 0 0 0 0 0 0 0 0 0 0 0 0 0 0 0 0 0 0 0 0 0 0 0 0 0 0 0 0 0 0 0 0 0 0 0 0 0 0 0 0 0 0 0 0 2 8 14 19 25 31 36 39 45 51 56 65 70 76 82 87 93 99 104 110 116 116 116 116 116 116 113 107 102 93 87 82 76 70 65 59 53 51 45 39 34 28 22 14 8 2 0 0 0 
0 2 36 51 65 73 82 87 93 99 104 110 110 113 119 121 124 127 124 130 130 130 127 130 133 136 133 130 133 130 130 127 124 127 124 121 116 110 107 107 102 96 90 85 76 65 56 42 8 0 0 0 0 0 0 0 0 0 0 0 0 0 0 0 0 0 0 0 0 0 0 0 0 0 0 0 0 0 0 0 0 0 0 0 0 0 0 0 0 0 0 0 0 0 0 0 0 0 0 0 0 0 0 0 0 0 0 0 0 0 0 0 0 0 0 0 0 0 0 0 0 0 0 0 0 0 0 0 0 0 0 2 8 14 19 25 28 34 39 45 51 56 62 68 73 79 85 93 99 104 110 116 119 119 119 119 119 110 104 99 93 87 82 76 70 65 59 53 48 42 36 31 25 19 17 11 5 0 0 0 
0 2 36 53 62 70 82 87 93 99 104 110 107 113 119 121 124 127 127 133 130 130 130 130 136 133 133 130 130 130 130 127 124 124 121 121 116 110 113 107 102 96 90 85 76 65 56 39 8 0 0 0 0 0 0 0 0 0 0 0 0 0 0 0 0 0 0 0 0 0 0 0 0 0 0 0 0 0 0 0 0 0 0 0 0 0 0 0 0 0 0 0 0 0 0 0 0 0 0 0 0 0 0 0 0 0 0 0 0 0 0 0 0 0 0 0 0 0 0 0 0 0 0 0 0 0 0 0 0 0 0 0 5 11 17 22 28 34 39 45 51 56 62 68 73 79 85 90 96 102 107 113 119 119 119 119 116 110 104 99 93 87 82 76 70 65 59 53 48 42 36 31 25 19 14 8 2 0 0 0 
0 2 39 53 62 70 85 90 96 99 104 110 107 113 119 121 121 124 127 130 130 130 130 133 136 133 133 130 130 130 127 127 127 124 121 121 116 110 110 107 102 96 90 85 76 65 56 39 5 0 0 0 0 0 0 0 0 0 0 0 0 0 0 0 0 0 0 0 0 0 0 0 0 0 0 0 0 0 0 0 0 0 0 0 0 0 0 0 0 0 0 0 0 0 0 0 0 0 0 0 0 0 0 0 0 0 0 0 0 0 0 0 0 0 0 0 0 0 0 0 0 0 0 0 0 0 0 0 0 0 0 0 5 11 17 22 28 34 39 45 51 56 62 70 76 82 87 93 99 104 110 116 121 121 121 121 116 110 104 99 93 87 82 76 70 65 59 53 48 45 39 34 28 22 17 11 5 0 0 0 
0 5 34 51 65 70 82 87 96 102 104 107 110 113 121 121 124 124 130 127 130 130 130 133 130 136 133 130 130 130 130 127 127 124 124 119 116 113 110 107 102 96 90 85 76 65 56 39 11 0 0 0 0 0 0 0 0 0 0 0 0 0 0 0 0 0 0 0 0 0 0 0 0 0 0 0 0 0 0 0 0 0 0 0 0 0 0 0 0 0 0 0 0 0 0 0 0 0 0 0 0 0 0 0 0 0 0 0 0 0 0 0 0 0 0 0 0 0 0 0 0 0 0 0 0 0 0 0 0 0 0 2 8 14 17 22 28 34 39 45 51 59 65 70 76 82 87 93 99 102 107 113 119 124 124 121 116 110 104 99 93 87 82 76 70 65 62 56 48 42 36 31 25 19 14 8 2 0 0 0 
0 2 31 51 62 73 82 87 93 102 107 104 110 113 119 121 127 124 130 130 130 130 130 136 133 133 133 133 130 130 130 130 127 124 124 119 116 113 107 107 102 96 90 85 76 68 56 42 8 0 0 0 0 0 0 0 0 0 0 0 0 0 0 0 0 0 0 0 0 0 0 0 0 0 0 0 0 0 0 0 0 0 0 0 0 0 0 0 0 0 0 0 0 0 0 0 0 0 0 0 0 0 0 0 0 0 0 0 0 0 0 0 0 0 0 0 0 0 0 0 0 0 0 0 0 0 0 0 0 0 0 2 8 14 19 25 28 34 39 45 53 59 65 70 76 82 85 90 96 104 110 116 121 127 127 124 119 110 104 99 93 87 82 76 70 68 59 53 48 42 36 31 25 19 14 8 2 0 0 0 
0 2 31 53 62 73 79 87 93 99 107 104 110 116 116 121 121 124 127 130 127 130 133 130 133 133 133 133 130 130 127 130 127 124 121 119 116 113 107 104 104 96 90 85 76 68 56 45 14 0 0 0 0 0 0 0 0 0 0 0 0 0 0 0 0 0 0 0 0 0 0 0 0 0 0 0 0 0 0 0 0 0 0 0 0 0 0 0 0 0 0 0 0 0 0 0 0 0 0 0 0 0 0 0 0 0 0 0 0 0 0 0 0 0 0 0 0 0 0 0 0 0 0 0 0 0 0 0 0 0 0 0 5 14 19 25 31 34 39 48 53 59 65 70 76 79 87 93 99 104 110 116 121 127 127 121 116 110 104 99 93 87 82 76 68 65 59 53 48 42 36 28 22 19 14 8 2 0 0 0 
0 0 25 51 59 73 79 87 93 99 104 104 110 116 116 121 121 127 127 130 130 130 130 133 133 127 133 133 133 130 127 127 127 127 121 119 116 116 110 104 104 99 93 85 76 70 56 42 17 0 0 0 0 0 0 0 0 0 0 0 0 0 0 0 0 0 0 0 0 0 0 0 0 0 0 0 0 0 0 0 0 0 0 0 0 0 0 0 0 0 0 0 0 0 0 0 0 0 0 0 0 0 0 0 0 0 0 0 0 0 0 0 0 0 0 0 0 0 0 0 0 0 0 0 0 0 0 0 0 0 0 2 5 11 19 25 31 36 39 48 53 59 65 70 76 82 87 93 99 107 110 116 121 127 127 121 116 110 102 99 93 87 82 73 68 65 59 53 45 39 34 31 25 19 11 5 0 0 0 0 
0 0 22 48 56 70 76 85 93 99 102 104 110 116 116 119 121 127 127 127 127 130 133 133 133 130 130 133 133 130 127 127 127 127 121 119 116 116 110 104 104 99 93 85 76 70 56 48 17 0 0 0 0 0 0 0 0 0 0 0 0 0 0 0 0 0 0 0 0 0 0 0 0 0 0 0 0 0 0 0 0 0 0 0 0 0 0 0 0 0 0 0 0 0 0 0 0 0 0 0 0 0 0 0 0 0 0 0 0 0 0 0 0 0 0 0 0 0 0 0 0 0 0 0 0 0 0 0 0 0 0 2 8 11 19 25 31 36 45 48 53 59 65 73 76 82 87 96 102 104 110 119 124 127 127 121 116 110 102 99 93 87 79 73 68 65 59 51 45 39 36 28 22 17 11 5 0 0 0 0 
0 0 22 45 56 73 76 82 93 99 102 104 110 116 119 119 121 127 127 127 130 130 133 133 130 133 133 133 133 130 130 127 127 127 121 119 121 116 113 104 99 99 93 85 79 70 59 48 28 0 0 0 0 0 0 0 0 0 0 0 0 0 0 0 0 0 0 0 0 0 0 0 0 0 0 0 0 0 0 0 0 0 0 0 0 0 0 0 0 0 0 0 0 0 0 0 0 0 0 0 0 0 0 0 0 0 0 0 0 0 0 0 0 0 0 0 0 0 0 0 0 0 0 0 0 0 0 0 0 0 0 2 8 14 19 25 31 36 45 48 53 62 68 73 76 85 90 96 99 107 113 119 127 124 124 121 116 110 102 96 93 87 79 73 68 62 56 51 45 39 34 28 22 14 11 5 0 0 0 0 
0 0 17 42 56 70 76 82 90 99 99 104 110 113 119 119 121 124 130 127 127 133 130 133 130 133 133 130 133 130 130 127 127 127 124 119 121 116 113 107 102 99 93 85 79 73 62 48 31 0 0 0 0 0 0 0 0 0 0 0 0 0 0 0 0 0 0 0 0 0 0 0 0 0 0 0 0 0 0 0 0 0 0 0 0 0 0 0 0 0 0 0 0 0 0 0 0 0 0 0 0 0 0 0 0 0 0 0 0 0 0 0 0 0 0 0 0 0 0 0 0 0 0 0 0 0 0 0 0 0 0 2 8 14 22 25 31 39 45 48 53 62 68 73 79 85 90 99 102 107 116 121 124 124 124 119 116 110 102 96 93 85 79 73 68 62 56 51 42 39 34 25 19 17 8 2 0 0 0 0 
0 0 14 39 56 68 79 82 87 99 99 107 110 113 119 119 121 124 124 130 130 133 133 133 130 130 133 133 133 130 130 127 127 124 124 119 119 116 113 107 104 99 96 87 79 73 62 48 31 0 0 0 0 0 0 0 0 0 0 0 0 0 0 0 0 0 0 0 0 0 0 0 0 0 0 0 0 0 0 0 0 0 0 0 0 0 0 0 0 0 0 0 0 0 0 0 0 0 0 0 0 0 0 0 0 0 0 0 0 0 0 0 0 0 0 0 0 0 0 0 0 0 0 0 0 0 0 0 0 0 0 2 11 14 22 28 31 39 45 51 56 62 70 76 79 87 93 96 104 110 119 121 121 121 121 121 113 110 102 96 90 85 79 73 65 62 53 48 45 36 31 25 19 14 5 2 0 0 0 0 
0 0 5 36 53 68 76 82 87 96 99 107 110 113 119 119 121 121 124 127 130 130 133 130 133 130 130 133 130 133 130 130 127 124 124 121 119 119 113 110 107 99 96 87 85 76 68 53 36 5 0 0 0 0 0 0 0 0 0 0 0 0 0 0 0 0 0 0 0 0 0 0 0 0 0 0 0 0 0 0 0 0 0 0 0 0 0 0 0 0 0 0 0 0 0 0 0 0 0 0 0 0 0 0 0 0 0 0 0 0 0 0 0 0 0 0 0 0 0 0 0 0 0 0 0 0 0 0 0 0 0 2 11 17 22 28 34 39 45 53 56 65 70 76 82 87 96 99 107 113 116 121 121 121 121 121 113 107 102 96 90 85 79 70 68 59 53 48 42 36 28 25 17 11 8 0 0 0 0 0 
0 0 0 34 51 62 73 82 87 93 99 104 107 113 116 119 124 121 124 127 130 130 136 130 133 130 133 133 130 133 130 133 127 124 121 121 119 116 113 107 107 102 96 87 85 76 68 59 36 11 0 0 0 0 0 0 0 0 0 0 0 0 0 0 0 0 0 0 0 0 0 0 0 0 0 0 0 0 0 0 0 0 0 0 0 0 0 0 0 0 0 0 0 0 0 0 0 0 0 0 0 0 0 0 0 0 0 0 0 0 0 0 0 0 0 0 0 0 0 0 0 0 0 0 0 0 0 0 0 0 0 2 11 17 22 28 36 39 48 53 62 65 73 79 82 90 96 102 107 116 119 119 121 119 119 121 113 107 102 96 87 85 76 70 65 59 53 45 42 34 28 22 17 8 5 0 0 0 0 0 
0 0 2 28 42 62 70 82 85 90 99 104 107 110 113 119 121 124 124 127 130 130 130 133 130 133 130 133 133 130 133 130 130 124 121 124 121 119 116 110 107 102 96 93 85 76 68 62 39 22 0 0 0 0 0 0 0 0 0 0 0 0 0 0 0 0 0 0 0 0 0 0 0 0 0 0 0 0 0 0 0 0 0 0 0 0 0 0 0 0 0 0 0 0 0 0 0 0 0 0 0 0 0 0 0 0 0 0 0 0 0 0 0 0 0 0 0 0 0 0 0 0 0 0 0 0 0 0 0 0 0 5 11 17 25 28 36 42 48 53 62 68 73 82 85 93 99 104 110 116 119 119 116 119 119 116 113 107 99 96 87 82 76 70 65 59 51 45 39 31 28 19 14 8 2 0 0 0 0 0 
0 0 0 19 42 56 68 76 85 90 93 104 107 110 113 119 121 121 124 121 130 133 130 130 133 133 133 133 130 130 130 133 130 124 121 124 119 121 113 110 107 104 96 90 87 76 70 62 48 31 2 0 0 0 0 0 0 0 0 0 0 0 0 0 0 0 0 0 0 0 0 0 0 0 0 0 0 0 0 0 0 0 0 0 0 0 0 0 0 0 0 0 0 0 0 0 0 0 0 0 0 0 0 0 0 0 0 0 0 0 0 0 0 0 0 0 0 0 0 0 0 0 0 0 0 0 0 0 0 0 2 5 14 17 25 34 36 45 51 56 65 68 76 82 87 96 102 107 113 116 116 119 116 116 119 116 113 107 99 96 87 79 76 68 65 56 48 45 36 31 25 17 14 5 0 0 0 0 0 0 
0 0 0 11 36 53 65 76 87 87 93 104 104 110 110 116 119 121 127 121 130 130 133 127 133 130 133 133 133 133 130 133 127 127 121 124 121 119 116 110 107 104 99 90 87 85 73 65 51 34 5 0 0 0 0 0 0 0 0 0 0 0 0 0 0 0 0 0 0 0 0 0 0 0 0 0 0 0 0 0 0 0 0 0 0 0 0 0 0 0 0 0 0 0 0 0 0 0 0 0 0 0 0 0 0 0 0 0 0 0 0 0 0 0 0 0 0 0 0 0 0 0 0 0 0 0 0 0 0 0 2 5 14 22 25 34 39 45 53 56 65 70 76 85 90 96 104 110 116 116 116 116 116 116 116 116 110 107 99 93 87 79 73 68 62 53 48 42 34 31 22 14 11 2 0 0 0 0 0 0 
0 0 0 8 31 48 65 70 82 87 93 96 104 110 110 116 116 121 124 124 127 130 130 130 130 133 133 133 133 130 130 130 130 127 124 124 119 121 116 113 110 104 104 93 87 87 76 65 59 42 11 0 0 0 0 0 0 0 0 0 0 0 0 0 0 0 0 0 0 0 0 0 0 0 0 0 0 0 0 0 0 0 0 0 0 0 0 0 0 0 0 0 0 0 0 0 0 0 0 0 0 0 0 0 0 0 0 0 0 0 0 0 0 0 0 0 0 0 0 0 0 0 0 0 0 0 0 0 0 0 2 8 14 22 28 34 42 48 53 59 68 76 79 87 93 99 107 113 116 113 116 113 113 116 113 116 110 107 99 90 87 79 73 65 62 53 45 39 34 28 19 11 8 0 0 0 0 0 0 0 
0 0 0 2 22 45 56 70 82 87 90 96 102 110 110 116 116 119 121 124 124 130 130 130 130 133 133 133 133 133 127 130 127 130 124 124 121 121 116 116 110 110 104 96 90 87 79 70 56 42 19 0 0 0 0 0 0 0 0 0 0 0 0 0 0 0 0 0 0 0 0 0 0 0 0 0 0 0 0 0 0 0 0 0 0 0 0 0 0 0 0 0 0 0 0 0 0 0 0 0 0 0 0 0 0 0 0 0 0 0 0 0 0 0 0 0 0 0 0 0 0 0 0 0 0 0 0 0 0 0 5 8 17 22 31 36 42 51 56 65 70 76 82 90 96 104 110 113 113 113 113 113 113 113 113 113 110 104 99 90 85 76 73 65 59 51 42 39 31 25 17 11 5 0 0 0 0 0 0 0 
0 0 0 0 14 45 51 68 79 82 90 96 99 107 107 116 116 119 121 124 127 130 127 130 130 133 133 133 133 133 133 133 127 130 127 127 121 121 119 116 110 110 102 99 93 82 82 73 59 51 31 5 0 0 0 0 0 0 0 0 0 0 0 0 0 0 0 0 0 0 0 0 0 0 0 0 0 0 0 0 0 0 0 0 0 0 0 0 0 0 0 0 0 0 0 0 0 0 0 0 0 0 0 0 0 0 0 0 0 0 0 0 0 0 0 0 0 0 0 0 0 0 0 0 0 0 0 0 0 0 5 14 17 25 31 39 45 53 59 68 70 79 85 93 99 107 113 113 113 113 113 110 113 110 113 110 110 102 99 90 85 76 70 62 56 48 42 36 28 22 14 8 0 0 0 0 0 0 0 0 
0 0 0 0 5 36 51 65 76 82 87 96 99 107 107 116 116 119 119 124 127 130 127 130 130 133 133 136 133 133 133 133 130 127 130 127 124 121 116 116 113 110 104 99 96 90 82 73 65 51 36 11 0 0 0 0 0 0 0 0 0 0 0 0 0 0 0 0 0 0 0 0 0 0 0 0 0 0 0 0 0 0 0 0 0 0 0 0 0 0 0 0 0 0 0 0 0 0 0 0 0 0 0 0 0 0 0 0 0 0 0 0 0 0 0 0 0 0 0 0 0 0 0 0 0 0 0 0 0 0 5 14 19 28 34 42 48 56 59 68 73 82 90 96 104 110 113 110 113 110 113 110 113 110 113 110 110 102 96 87 82 73 68 62 56 48 42 34 28 19 11 5 0 0 0 0 0 0 0 0 
0 0 0 0 0 28 51 56 73 76 85 96 96 104 107 113 113 119 119 124 124 130 127 127 130 130 133 130 136 133 136 133 127 127 127 130 124 121 119 116 113 113 104 102 96 93 82 79 68 56 48 22 0 0 0 0 0 0 0 0 0 0 0 0 0 0 0 0 0 0 0 0 0 0 0 0 0 0 0 0 0 0 0 0 0 0 0 0 0 0 0 0 0 0 0 0 0 0 0 0 0 0 0 0 0 0 0 0 0 0 0 0 0 0 0 0 0 0 0 0 0 0 0 0 0 0 0 0 0 0 8 14 22 28 36 42 51 56 65 70 79 87 96 102 110 110 110 110 110 110 110 110 110 110 107 110 107 102 93 87 82 73 68 59 53 45 39 31 25 14 8 0 0 0 0 0 0 0 0 0 
0 0 0 0 0 14 42 53 68 76 82 90 96 102 102 113 113 116 119 121 124 127 127 127 130 130 136 130 133 133 133 136 130 127 127 127 124 124 119 119 116 113 110 102 99 96 87 79 73 62 51 34 5 0 0 0 0 0 0 0 0 0 0 0 0 0 0 0 0 0 0 0 0 0 0 0 0 0 0 0 0 0 0 0 0 0 0 0 0 0 0 0 0 0 0 0 0 0 0 0 0 0 0 0 0 0 0 0 0 0 0 0 0 0 0 0 0 0 0 0 0 0 0 0 0 0 0 0 0 2 8 17 25 34 39 48 53 59 68 76 85 90 99 104 110 107 110 110 110 110 107 110 107 110 107 110 107 102 93 87 76 70 65 56 51 42 36 25 19 11 5 0 0 0 0 0 0 0 0 0 
0 0 0 0 0 5 34 51 59 76 76 90 96 102 102 107 113 113 119 119 124 127 127 130 127 130 133 133 133 133 133 133 130 130 130 127 127 124 124 116 116 113 113 102 102 93 90 79 76 65 56 42 11 0 0 0 0 0 0 0 0 0 0 0 0 0 0 0 0 0 0 0 0 0 0 0 0 0 0 0 0 0 0 0 0 0 0 0 0 0 0 0 0 0 0 0 0 0 0 0 0 0 0 0 0 0 0 0 0 0 0 0 0 0 0 0 0 0 0 0 0 0 0 0 0 0 0 0 0 2 14 19 25 34 42 51 56 65 73 82 87 93 104 107 110 107 110 107 110 107 107 107 107 110 107 110 107 102 90 85 76 70 62 53 48 39 31 22 17 8 0 0 0 0 0 0 0 0 0 0 
0 0 0 0 0 0 25 45 59 70 76 85 93 99 102 104 110 113 119 119 124 124 124 130 130 130 133 133 136 130 136 133 130 130 130 130 127 124 124 119 116 116 110 107 102 99 90 87 76 73 59 48 28 0 0 0 0 0 0 0 0 0 0 0 0 0 0 0 0 0 0 0 0 0 0 0 0 0 0 0 0 0 0 0 0 0 0 0 0 0 0 0 0 0 0 0 0 0 0 0 0 0 0 0 0 0 0 0 0 0 0 0 0 0 0 0 0 0 0 0 0 0 0 0 0 0 0 0 0 8 14 19 31 36 45 53 59 70 76 85 93 102 107 107 107 107 107 107 107 107 107 107 107 107 107 107 104 99 90 82 73 68 56 51 45 34 28 19 11 5 0 0 0 0 0 0 0 0 0 0 
0 0 0 0 0 0 11 36 56 65 73 82 90 96 102 104 107 113 116 119 124 124 124 130 127 130 133 130 136 133 133 136 130 133 130 127 130 124 124 124 119 116 113 107 104 102 96 90 82 73 65 53 36 11 0 0 0 0 0 0 0 0 0 0 0 0 0 0 0 0 0 0 0 0 0 0 0 0 0 0 0 0 0 0 0 0 0 0 0 0 0 0 0 0 0 0 0 0 0 0 0 0 0 0 0 0 0 0 0 0 0 0 0 0 0 0 0 0 0 0 0 0 0 0 0 0 0 0 2 8 17 25 34 42 48 56 65 73 82 90 96 107 107 107 107 104 107 107 107 107 104 107 107 107 107 104 104 99 87 82 70 65 53 48 39 31 22 14 5 0 0 0 0 0 0 0 0 0 0 0 
0 0 0 0 0 0 0 28 45 62 68 79 87 93 96 102 107 107 116 116 119 124 124 127 127 130 130 130 133 133 136 133 133 130 133 130 127 124 124 124 121 116 116 110 107 102 96 90 87 76 68 62 42 22 0 0 0 0 0 0 0 0 0 0 0 0 0 0 0 0 0 0 0 0 0 0 0 0 0 0 0 0 0 0 0 0 0 0 0 0 0 0 0 0 0 0 0 0 0 0 0 0 0 0 0 0 0 0 0 0 0 0 0 0 0 0 0 0 0 0 0 0 0 0 0 0 0 0 2 11 19 28 34 45 53 62 70 76 87 96 104 107 104 107 104 104 107 104 107 104 104 107 104 107 107 104 104 93 87 79 68 62 51 45 36 25 19 11 2 0 0 0 0 0 0 0 0 0 0 0 
0 0 0 0 0 0 0 14 36 56 65 70 85 87 96 102 104 107 110 116 119 124 124 124 127 130 130 130 133 130 136 133 133 133 130 133 130 127 124 124 121 119 116 107 107 107 96 96 87 82 68 65 53 36 5 0 0 0 0 0 0 0 0 0 0 0 0 0 0 0 0 0 0 0 0 0 0 0 0 0 0 0 0 0 0 0 0 0 0 0 0 0 0 0 0 0 0 0 0 0 0 0 0 0 0 0 0 0 0 0 0 0 0 0 0 0 0 0 0 0 0 0 0 0 0 0 0 0 2 14 22 31 39 48 59 68 73 85 93 102 107 104 104 104 104 107 104 104 107 104 104 107 104 104 104 104 102 93 85 76 65 59 51 39 31 22 14 5 0 0 0 0 0 0 0 0 0 0 0 0 
0 0 0 0 0 0 0 2 31 48 65 68 79 87 93 96 104 107 107 110 119 124 121 124 127 130 130 133 133 130 136 136 130 133 130 130 133 130 124 121 124 119 119 113 107 107 104 96 90 85 76 65 59 45 22 0 0 0 0 0 0 0 0 0 0 0 0 0 0 0 0 0 0 0 0 0 0 0 0 0 0 0 0 0 0 0 0 0 0 0 0 0 0 0 0 0 0 0 0 0 0 0 0 0 0 0 0 0 0 0 0 0 0 0 0 0 0 0 0 0 0 0 0 0 0 0 0 0 8 17 25 36 45 56 65 70 82 90 99 104 104 104 104 104 104 104 104 104 104 104 104 104 104 104 104 104 102 90 82 73 62 53 45 34 28 17 8 0 0 0 0 0 0 0 0 0 0 0 0 0 
0 0 0 0 0 0 0 0 14 39 53 65 70 85 90 93 102 107 107 110 119 119 121 121 124 127 130 130 136 130 130 136 133 130 133 130 130 130 127 124 121 121 119 116 107 107 104 99 93 87 79 68 68 48 34 2 0 0 0 0 0 0 0 0 0 0 0 0 0 0 0 0 0 0 0 0 0 0 0 0 0 0 0 0 0 0 0 0 0 0 0 0 0 0 0 0 0 0 0 0 0 0 0 0 0 0 0 0 0 0 0 0 0 0 0 0 0 0 0 0 0 0 0 0 0 0 0 2 11 22 31 39 51 59 68 76 87 99 102 104 104 102 104 104 102 104 104 102 104 104 102 104 104 102 104 104 96 87 79 70 59 51 42 31 19 11 0 0 0 0 0 0 0 0 0 0 0 0 0 0 
0 0 0 0 0 0 0 0 2 31 51 62 68 82 85 90 102 102 104 110 116 119 121 121 124 127 130 130 130 133 130 133 133 133 130 136 130 130 130 127 124 121 119 116 113 107 107 102 93 90 85 73 65 62 42 22 0 0 0 0 0 0 0 0 0 0 0 0 0 0 0 0 0 0 0 0 0 0 0 0 0 0 0 0 0 0 0 0 0 0 0 0 0 0 0 0 0 0 0 0 0 0 0 0 0 0 0 0 0 0 0 0 0 0 0 0 0 0 0 0 0 0 0 0 0 0 0 2 17 25 34 48 56 65 73 87 96 102 104 104 102 104 104 102 104 104 102 102 104 104 102 104 104 102 104 104 93 85 76 65 53 45 36 22 14 5 0 0 0 0 0 0 0 0 0 0 0 0 0 0 
0 0 0 0 0 0 0 0 0 11 42 56 62 76 79 90 96 99 102 110 113 113 121 121 124 124 130 130 130 133 133 133 130 133 133 133 130 130 130 124 124 124 121 116 116 113 107 102 102 90 87 79 73 62 53 34 5 0 0 0 0 0 0 0 0 0 0 0 0 0 0 0 0 0 0 0 0 0 0 0 0 0 0 0 0 0 0 0 0 0 0 0 0 0 0 0 0 0 0 0 0 0 0 0 0 0 0 0 0 0 0 0 0 0 0 0 0 0 0 0 0 0 0 0 0 0 0 8 19 28 42 51 62 70 85 93 102 104 104 102 102 104 102 102 104 104 102 102 104 102 102 104 102 102 102 104 90 82 70 59 48 39 28 17 5 0 0 0 0 0 0 0 0 0 0 0 0 0 0 0 
0 0 0 0 0 0 0 0 0 0 31 48 56 73 76 85 93 96 102 110 110 113 116 121 121 124 127 130 127 130 133 136 130 130 133 136 130 130 130 130 124 124 124 121 116 113 110 104 102 96 93 85 76 70 53 45 25 0 0 0 0 0 0 0 0 0 0 0 0 0 0 0 0 0 0 0 0 0 0 0 0 0 0 0 0 0 0 0 0 0 0 0 0 0 0 0 0 0 0 0 0 0 0 0 0 0 0 0 0 0 0 0 0 0 0 0 0 0 0 0 0 0 0 0 0 0 2 11 22 36 48 56 70 82 93 102 104 102 102 102 104 102 102 102 104 102 102 104 102 102 102 104 102 102 102 102 87 76 68 53 42 34 22 8 0 0 0 0 0 0 0 0 0 0 0 0 0 0 0 0 
0 0 0 0 0 0 0 0 0 0 11 39 53 65 76 79 87 96 99 104 107 113 116 119 121 124 124 130 127 130 130 136 136 130 130 136 136 130 130 130 130 124 124 121 119 116 113 107 104 99 96 87 79 76 65 53 36 11 0 0 0 0 0 0 0 0 0 0 0 0 0 0 0 0 0 0 0 0 0 0 0 0 0 0 0 0 0 0 0 0 0 0 0 0 0 0 0 0 0 0 0 0 0 0 0 0 0 0 0 0 0 0 0 0 0 0 0 0 0 0 0 0 0 0 0 0 5 19 31 42 53 68 79 90 102 102 102 102 102 102 102 102 102 102 102 102 102 102 102 102 102 102 102 102 102 96 85 73 62 48 36 25 14 0 0 0 0 0 0 0 0 0 0 0 0 0 0 0 0 0 
0 0 0 0 0 0 0 0 0 0 0 22 48 53 70 76 85 93 96 99 104 113 116 119 119 121 124 127 127 130 130 133 136 133 130 133 136 133 130 130 127 130 124 121 119 116 116 113 104 104 99 93 85 79 70 53 51 25 0 0 0 0 0 0 0 0 0 0 0 0 0 0 0 0 0 0 0 0 0 0 0 0 0 0 0 0 0 0 0 0 0 0 0 0 0 0 0 0 0 0 0 0 0 0 0 0 0 0 0 0 0 0 0 0 0 0 0 0 0 0 0 0 0 0 0 0 11 25 36 48 65 76 87 99 102 102 102 102 102 102 102 102 99 102 102 102 102 102 102 102 102 102 102 102 102 93 79 68 56 42 28 17 2 0 0 0 0 0 0 0 0 0 0 0 0 0 0 0 0 0 
0 0 0 0 0 0 0 0 0 0 0 8 36 51 59 76 82 87 90 99 104 110 113 113 116 119 124 127 127 130 130 133 133 133 133 130 133 133 133 130 130 127 127 124 119 119 116 113 110 104 99 99 87 82 76 68 51 42 14 0 0 0 0 0 0 0 0 0 0 0 0 0 0 0 0 0 0 0 0 0 0 0 0 0 0 0 0 0 0 0 0 0 0 0 0 0 0 0 0 0 0 0 0 0 0 0 0 0 0 0 0 0 0 0 0 0 0 0 0 0 0 0 0 0 0 2 17 31 45 59 73 85 102 102 102 102 99 102 102 102 102 99 102 102 102 102 99 102 102 102 99 102 102 102 102 87 73 62 48 34 17 5 0 0 0 0 0 0 0 0 0 0 0 0 0 0 0 0 0 0 
0 0 0 0 0 0 0 0 0 0 0 0 17 45 53 70 79 79 87 96 102 104 107 113 116 119 121 127 124 130 130 130 133 130 133 133 133 133 133 133 130 130 127 127 121 119 119 116 113 107 102 99 93 87 79 70 62 51 34 2 0 0 0 0 0 0 0 0 0 0 0 0 0 0 0 0 0 0 0 0 0 0 0 0 0 0 0 0 0 0 0 0 0 0 0 0 0 0 0 0 0 0 0 0 0 0 0 0 0 0 0 0 0 0 0 0 0 0 0 0 0 0 0 0 0 8 25 39 53 68 85 102 102 102 99 99 102 102 102 99 99 102 102 102 99 99 102 102 102 102 99 102 102 102 99 82 68 53 39 22 5 0 0 0 0 0 0 0 0 0 0 0 0 0 0 0 0 0 0 0 
0 0 0 0 0 0 0 0 0 0 0 0 0 28 51 59 68 79 85 93 96 102 107 110 116 119 121 121 124 124 130 130 133 133 130 133 136 133 133 130 130 130 130 127 127 119 116 116 116 113 104 99 93 90 85 82 65 56 45 22 0 0 0 0 0 0 0 0 0 0 0 0 0 0 0 0 0 0 0 0 0 0 0 0 0 0 0 0 0 0 0 0 0 0 0 0 0 0 0 0 0 0 0 0 0 0 0 0 0 0 0 0 0 0 0 0 0 0 0 0 0 0 0 0 0 17 34 48 65 85 99 102 99 99 99 102 102 102 99 99 102 102 102 99 99 99 102 102 102 99 99 99 102 102 93 76 59 42 28 11 0 0 0 0 0 0 0 0 0 0 0 0 0 0 0 0 0 0 0 0 
0 0 0 0 0 0 0 0 0 0 0 0 0 11 42 48 62 76 82 87 93 96 104 110 113 116 119 121 121 124 130 130 133 133 130 130 133 136 133 133 130 130 127 130 127 124 121 116 116 110 113 107 102 90 85 82 76 68 51 42 8 0 0 0 0 0 0 0 0 0 0 0 0 0 0 0 0 0 0 0 0 0 0 0 0 0 0 0 0 0 0 0 0 0 0 0 0 0 0 0 0 0 0 0 0 0 0 0 0 0 0 0 0 0 0 0 0 0 0 0 0 0 0 0 8 25 45 62 82 99 99 99 99 102 102 102 99 99 99 102 102 102 99 99 99 102 102 102 99 99 99 99 102 102 85 68 48 31 14 0 0 0 0 0 0 0 0 0 0 0 0 0 0 0 0 0 0 0 0 0 
0 0 0 0 0 0 0 0 0 0 0 0 0 0 19 42 56 65 79 87 87 93 99 104 113 113 119 119 121 121 127 130 133 133 133 130 133 133 136 133 133 133 130 127 127 121 124 121 119 113 110 107 104 99 93 87 76 70 62 48 34 2 0 0 0 0 0 0 0 0 0 0 0 0 0 0 0 0 0 0 0 0 0 0 0 0 0 0 0 0 0 0 0 0 0 0 0 0 0 0 0 0 0 0 0 0 0 0 0 0 0 0 0 0 0 0 0 0 0 0 0 0 0 0 17 39 59 79 99 99 99 102 102 99 99 99 99 99 102 102 99 99 99 99 99 102 102 99 99 99 99 99 102 99 76 56 34 14 0 0 0 0 0 0 0 0 0 0 0 0 0 0 0 0 0 0 0 0 0 0 
0 0 0 0 0 0 0 0 0 0 0 0 0 0 0 34 42 65 70 82 85 87 93 102 110 113 116 119 121 121 124 127 130 133 133 130 130 133 133 133 130 133 133 130 127 127 121 121 119 119 116 107 107 102 93 87 85 76 68 59 42 22 0 0 0 0 0 0 0 0 0 0 0 0 0 0 0 0 0 0 0 0 0 0 0 0 0 0 0 0 0 0 0 0 0 0 0 0 0 0 0 0 0 0 0 0 0 0 0 0 0 0 0 0 0 0 0 0 0 0 0 0 0 5 28 51 76 99 102 102 99 99 99 99 99 99 102 102 99 99 99 99 99 99 102 102 99 99 99 99 99 99 102 90 65 39 17 0 0 0 0 0 0 0 0 0 0 0 0 0 0 0 0 0 0 0 0 0 0 0 
0 0 0 0 0 0 0 0 0 0 0 0 0 0 0 5 36 59 62 70 82 87 90 99 110 110 113 113 119 121 121 124 127 130 133 133 130 133 133 133 133 130 130 133 133 130 124 121 121 119 116 113 107 110 104 90 87 82 70 65 59 39 11 0 0 0 0 0 0 0 0 0 0 0 0 0 0 0 0 0 0 0 0 0 0 0 0 0 0 0 0 0 0 0 0 0 0 0 0 0 0 0 0 0 0 0 0 0 0 0 0 0 0 0 0 0 0 0 0 0 0 0 0 17 48 73 99 99 99 99 99 99 99 99 102 102 99 99 99 99 99 99 99 102 102 99 99 99 99 99 99 99 99 76 51 19 0 0 0 0 0 0 0 0 0 0 0 0 0 0 0 0 0 0 0 0 0 0 0 0 
0 0 0 0 0 0 0 0 0 0 0 0 0 0 0 0 19 39 59 68 76 85 87 90 102 104 107 113 116 121 121 124 124 130 130 133 133 133 133 133 133 133 130 130 130 130 124 127 124 121 116 116 110 107 104 99 90 87 85 70 59 51 36 2 0 0 0 0 0 0 0 0 0 0 0 0 0 0 0 0 0 0 0 0 0 0 0 0 0 0 0 0 0 0 0 0 0 0 0 0 0 0 0 0 0 0 0 0 0 0 0 0 0 0 0 0 0 0 0 0 0 0 5 36 70 99 99 99 99 99 99 102 99 99 99 99 99 99 99 99 99 99 102 102 99 99 99 99 99 99 99 99 93 59 28 0 0 0 0 0 0 0 0 0 0 0 0 0 0 0 0 0 0 0 0 0 0 0 0 0 
0 0 0 0 0 0 0 0 0 0 0 0 0 0 0 0 0 28 48 59 68 76 85 93 96 102 104 110 113 119 121 124 124 124 130 130 130 133 136 133 133 133 133 130 130 130 130 124 124 124 121 121 116 110 104 102 96 90 85 76 68 59 48 25 0 0 0 0 0 0 0 0 0 0 0 0 0 0 0 0 0 0 0 0 0 0 0 0 0 0 0 0 0 0 0 0 0 0 0 0 0 0 0 0 0 0 0 0 0 0 0 0 0 0 0 0 0 0 0 0 0 0 22 62 99 99 102 99 99 99 99 99 99 99 99 99 99 99 99 99 99 102 99 99 99 99 99 99 99 99 99 99 73 34 0 0 0 0 0 0 0 0 0 0 0 0 0 0 0 0 0 0 0 0 0 0 0 0 0 0 
0 0 0 0 0 0 0 0 0 0 0 0 0 0 0 0 0 0 36 53 65 76 79 87 93 96 102 104 110 113 119 119 124 124 127 127 130 130 133 133 136 133 133 133 130 130 130 127 127 124 124 119 119 113 110 104 102 96 90 85 73 65 53 36 22 0 0 0 0 0 0 0 0 0 0 0 0 0 0 0 0 0 0 0 0 0 0 0 0 0 0 0 0 0 0 0 0 0 0 0 0 0 0 0 0 0 0 0 0 0 0 0 0 0 0 0 0 0 0 0 0 2 56 99 99 99 99 99 99 99 99 99 99 99 99 99 99 99 102 99 99 99 99 99 99 99 99 99 99 99 99 93 39 0 0 0 0 0 0 0 0 0 0 0 0 0 0 0 0 0 0 0 0 0 0 0 0 0 0 0 
0 0 0 0 0 0 0 0 0 0 0 0 0 0 0 0 0 0 17 36 53 65 73 79 87 96 99 102 107 113 116 119 121 124 127 127 127 130 133 133 133 133 133 133 133 136 130 127 127 127 124 121 119 116 113 107 102 99 96 87 79 73 65 53 36 8 0 0 0 0 0 0 0 0 0 0 0 0 0 0 0 0 0 0 0 0 0 0 0 0 0 0 0 0 0 0 0 0 0 0 0 0 0 0 0 0 0 0 0 0 0 0 0 0 0 0 0 0 0 0 0 42 99 99 99 99 99 99 99 99 99 99 99 102 99 99 99 99 99 99 99 99 99 99 99 99 99 99 99 99 99 56 0 0 0 0 0 0 0 0 0 0 0 0 0 0 0 0 0 0 0 0 0 0 0 0 0 0 0 0 
0 0 0 0 0 0 0 0 0 0 0 0 0 0 0 0 0 0 0 25 48 59 70 76 82 90 96 99 102 107 113 116 119 121 124 127 127 127 130 133 133 133 133 133 133 133 133 130 127 127 127 124 121 119 116 113 107 102 99 96 87 76 70 59 48 25 0 0 0 0 0 0 0 0 0 0 0 0 0 0 0 0 0 0 0 0 0 0 0 0 0 0 0 0 0 0 0 0 0 0 0 0 0 0 0 0 0 0 0 0 0 0 0 0 0 0 0 0 0 0 2 99 99 99 99 99 99 99 99 99 99 99 99 99 99 99 99 99 99 99 99 99 99 99 99 99 99 99 99 99 96 0 0 0 0 0 0 0 0 0 0 0 0 0 0 0 0 0 0 0 0 0 0 0 0 0 0 0 0 0 
0 0 0 0 0 0 0 0 0 0 0 0 0 0 0 0 0 0 0 0 25 48 59 70 76 82 93 99 99 104 110 116 116 121 121 127 127 127 127 133 133 133 133 133 133 133 133 133 127 127 127 127 121 121 116 116 110 104 99 99 93 82 76 70 59 48 25 0 0 0 0 0 0 0 0 0 0 0 0 0 0 0 0 0 0 0 0 0 0 0 0 0 0 0 0 0 0 0 0 0 0 0 0 0 0 0 0 0 0 0 0 0 0 0 0 0 0 0 0 0 99 99 99 99 99 99 99 99 99 99 99 99 99 99 99 99 99 99 99 99 99 99 99 99 99 99 99 99 99 99 0 0 0 0 0 0 0 0 0 0 0 0 0 0 0 0 0 0 0 0 0 0 0 0 0 0 0 0 0 0 
0 0 0 0 0 0 0 0 0 0 0 0 0 0 0 0 0 0 0 0 0 25 48 59 70 76 82 96 99 102 107 113 116 119 121 124 127 127 127 130 133 133 133 133 133 133 133 133 130 127 127 127 124 121 119 116 113 107 102 99 99 93 82 76 70 59 48 25 0 0 0 0 0 0 0 0 0 0 0 0 0 0 0 0 0 0 0 0 0 0 0 0 0 0 0 0 0 0 0 0 0 0 0 0 0 0 0 0 0 0 0 0 0 0 0 0 0 0 0 99 99 99 99 99 99 99 99 99 99 99 99 99 99 99 99 99 99 99 99 99 99 99 99 99 99 99 99 99 99 0 0 0 0 0 0 0 0 0 0 0 0 0 0 0 0 0 0 0 0 0 0 0 0 0 0 0 0 0 0 0 
0 0 0 0 0 0 0 0 0 0 0 0 0 0 0 0 0 0 0 0 0 5 36 53 65 73 79 87 96 99 102 107 113 116 119 121 124 127 127 127 130 133 133 133 133 133 133 136 133 130 127 127 127 124 121 119 116 113 107 102 99 96 87 79 73 65 53 36 19 0 0 0 0 0 0 0 0 0 0 0 0 0 0 0 0 0 0 0 0 0 0 0 0 0 0 0 0 0 0 0 0 0 0 0 0 0 0 0 0 0 0 0 0 0 0 0 0 0 59 99 99 99 99 99 99 99 99 99 99 99 99 102 99 99 99 99 99 99 99 99 99 99 99 99 99 99 99 99 39 0 0 0 0 0 0 0 0 0 0 0 0 0 0 0 0 0 0 0 0 0 0 0 0 0 0 0 0 0 0 0 
0 0 0 0 0 0 0 0 0 0 0 0 0 0 0 0 0 0 0 0 0 0 14 36 53 65 73 79 87 96 102 104 110 113 119 119 121 124 124 127 130 130 133 136 133 133 133 133 133 130 130 130 127 124 124 121 119 116 110 104 102 99 99 87 79 73 65 53 36 5 0 0 0 0 0 0 0 0 0 0 0 0 0 0 0 0 0 0 0 0 0 0 0 0 0 0 0 0 0 0 0 0 0 0 0 0 0 0 0 0 0 0 0 0 0 0 0 48 99 99 99 99 99 99 99 99 99 99 99 99 99 99 99 99 99 99 99 99 99 99 99 99 99 99 99 99 99 51 0 0 0 0 0 0 0 0 0 0 0 0 0 0 0 0 0 0 0 0 0 0 0 0 0 0 0 0 0 0 0 0 
0 0 0 0 0 0 0 0 0 0 0 0 0 0 0 0 0 0 0 0 0 0 0 19 36 56 70 76 85 90 96 102 104 107 110 116 119 121 124 124 130 133 130 130 133 133 133 133 133 133 130 130 130 127 124 127 121 119 116 110 107 104 96 90 85 76 68 65 53 39 0 0 0 0 0 0 0 0 0 0 0 0 0 0 0 0 0 0 0 0 0 0 0 0 0 0 0 0 0 0 0 0 0 0 0 0 0 0 0 0 0 0 0 0 0 0 39 82 99 99 99 99 99 102 99 99 99 99 99 99 99 99 99 99 99 99 99 102 102 99 99 99 99 99 99 96 56 14 0 0 0 0 0 0 0 0 0 0 0 0 0 0 0 0 0 0 0 0 0 0 0 0 0 0 0 0 0 0 0 0 
0 0 0 0 0 0 0 0 0 0 0 0 0 0 0 0 0 0 0 0 0 0 0 0 22 42 59 68 79 85 90 93 102 107 107 113 116 121 121 127 127 130 130 130 130 133 133 133 133 133 133 133 130 130 124 124 121 121 116 113 110 107 107 102 90 85 76 68 59 45 34 0 0 0 0 0 0 0 0 0 0 0 0 0 0 0 0 0 0 0 0 0 0 0 0 0 0 0 0 0 0 0 0 0 0 0 0 0 0 0 0 0 0 0 2 39 70 99 99 99 99 99 99 99 99 99 99 102 99 99 99 99 99 99 99 99 99 99 102 102 99 99 99 99 90 59 25 0 0 0 0 0 0 0 0 0 0 0 0 0 0 0 0 0 0 0 0 0 0 0 0 0 0 0 0 0 0 0 0 0 
0 0 0 0 0 0 0 0 0 0 0 0 0 0 0 0 0 0 0 0 0 0 0 0 0 31 42 59 68 85 90 90 93 102 107 107 113 116 124 124 127 124 130 130 130 130 133 133 136 136 133 130 130 130 130 124 124 124 124 119 113 107 107 102 93 87 87 82 70 59 42 28 0 0 0 0 0 0 0 0 0 0 0 0 0 0 0 0 0 0 0 0 0 0 0 0 0 0 0 0 0 0 0 0 0 0 0 0 0 0 0 0 0 8 36 62 90 99 99 102 102 99 99 99 99 99 99 99 99 102 102 99 99 99 99 99 99 99 99 102 99 99 99 87 59 31 5 0 0 0 0 0 0 0 0 0 0 0 0 0 0 0 0 0 0 0 0 0 0 0 0 0 0 0 0 0 0 0 0 0 
0 0 0 0 0 0 0 0 0 0 0 0 0 0 0 0 0 0 0 0 0 0 0 0 0 2 36 42 62 70 85 87 87 93 104 107 110 113 121 124 124 124 127 127 130 130 133 133 136 133 133 130 130 130 133 130 130 121 121 119 113 113 107 110 104 93 87 85 76 65 59 42 17 0 0 0 0 0 0 0 0 0 0 0 0 0 0 0 0 0 0 0 0 0 0 0 0 0 0 0 0 0 0 0 0 0 0 0 0 0 0 0 11 34 59 82 99 99 99 99 99 99 102 102 99 99 99 99 99 99 102 102 102 99 99 99 99 99 99 102 102 99 82 59 36 14 0 0 0 0 0 0 0 0 0 0 0 0 0 0 0 0 0 0 0 0 0 0 0 0 0 0 0 0 0 0 0 0 0 0 
0 0 0 0 0 0 0 0 0 0 0 0 0 0 0 0 0 0 0 0 0 0 0 0 0 0 5 36 48 62 70 85 87 90 96 104 107 110 116 119 121 121 121 127 127 133 133 133 130 133 133 133 133 133 133 130 127 127 121 124 121 119 110 107 104 96 93 90 87 76 62 56 42 17 0 0 0 0 0 0 0 0 0 0 0 0 0 0 0 0 0 0 0 0 0 0 0 0 0 0 0 0 0 0 0 0 0 0 0 0 0 14 34 53 73 93 99 102 102 102 99 99 99 99 102 102 102 99 99 99 99 102 102 102 99 99 99 99 102 102 102 79 59 39 19 0 0 0 0 0 0 0 0 0 0 0 0 0 0 0 0 0 0 0 0 0 0 0 0 0 0 0 0 0 0 0 0 0 0 0 
0 0 0 0 0 0 0 0 0 0 0 0 0 0 0 0 0 0 0 0 0 0 0 0 0 0 0 5 42 48 62 73 82 87 90 96 104 107 113 116 119 119 121 124 130 130 133 130 130 130 136 136 133 133 130 130 127 130 127 124 119 119 116 113 113 107 99 90 85 85 79 68 51 42 11 0 0 0 0 0 0 0 0 0 0 0 0 0 0 0 0 0 0 0 0 0 0 0 0 0 0 0 0 0 0 0 0 0 0 0 14 31 51 70 87 102 99 99 99 102 102 102 99 99 99 99 102 102 99 99 99 99 102 102 102 99 99 99 102 99 79 59 42 22 5 0 0 0 0 0 0 0 0 0 0 0 0 0 0 0 0 0 0 0 0 0 0 0 0 0 0 0 0 0 0 0 0 0 0 0 
0 0 0 0 0 0 0 0 0 0 0 0 0 0 0 0 0 0 0 0 0 0 0 0 0 0 0 0 11 39 48 65 76 82 87 93 99 102 110 113 116 116 119 124 127 130 130 130 130 133 133 133 133 130 130 133 133 130 130 124 124 121 119 116 110 107 104 102 96 87 79 73 65 53 42 8 0 0 0 0 0 0 0 0 0 0 0 0 0 0 0 0 0 0 0 0 0 0 0 0 0 0 0 0 0 0 0 0 0 17 34 51 65 82 99 102 102 102 99 99 99 102 102 102 99 99 102 102 102 102 99 99 102 102 102 99 99 99 93 76 62 42 25 11 0 0 0 0 0 0 0 0 0 0 0 0 0 0 0 0 0 0 0 0 0 0 0 0 0 0 0 0 0 0 0 0 0 0 0 0 
0 0 0 0 0 0 0 0 0 0 0 0 0 0 0 0 0 0 0 0 0 0 0 0 0 0 0 0 0 14 39 51 65 76 82 90 93 99 102 110 116 116 116 121 127 127 127 127 130 133 133 133 130 133 133 133 133 130 130 127 127 124 121 116 116 113 110 102 96 96 90 82 70 65 51 39 5 0 0 0 0 0 0 0 0 0 0 0 0 0 0 0 0 0 0 0 0 0 0 0 0 0 0 0 0 0 0 2 17 34 48 62 79 93 102 99 99 102 102 102 99 99 102 102 102 99 99 102 102 102 99 99 102 102 102 102 99 90 73 59 45 28 14 0 0 0 0 0 0 0 0 0 0 0 0 0 0 0 0 0 0 0 0 0 0 0 0 0 0 0 0 0 0 0 0 0 0 0 0 0 
0 0 0 0 0 0 0 0 0 0 0 0 0 0 0 0 0 0 0 0 0 0 0 0 0 0 0 0 0 0 14 42 51 65 76 82 90 93 99 104 110 116 116 119 119 124 127 127 130 130 133 133 133 130 133 133 133 133 130 130 127 127 124 119 116 116 113 110 104 99 90 87 82 76 62 51 34 8 0 0 0 0 0 0 0 0 0 0 0 0 0 0 0 0 0 0 0 0 0 0 0 0 0 0 0 0 5 17 31 48 62 73 87 102 102 102 102 99 102 102 102 102 99 102 102 102 99 99 102 102 102 99 102 102 102 102 85 73 59 45 34 17 2 0 0 0 0 0 0 0 0 0 0 0 0 0 0 0 0 0 0 0 0 0 0 0 0 0 0 0 0 0 0 0 0 0 0 0 0 0 
0 0 0 0 0 0 0 0 0 0 0 0 0 0 0 0 0 0 0 0 0 0 0 0 0 0 0 0 0 0 0 17 45 51 70 76 82 90 96 99 104 110 116 116 116 121 127 127 127 130 130 133 133 133 130 133 133 133 130 130 127 127 127 124 121 116 116 113 107 104 99 96 85 79 76 59 53 31 5 0 0 0 0 0 0 0 0 0 0 0 0 0 0 0 0 0 0 0 0 0 0 0 0 0 0 5 22 34 45 59 73 85 99 102 99 102 102 102 102 102 102 102 102 102 102 102 102 99 102 102 102 102 102 102 99 85 70 59 45 34 19 5 0 0 0 0 0 0 0 0 0 0 0 0 0 0 0 0 0 0 0 0 0 0 0 0 0 0 0 0 0 0 0 0 0 0 0 0 0 0 
0 0 0 0 0 0 0 0 0 0 0 0 0 0 0 0 0 0 0 0 0 0 0 0 0 0 0 0 0 0 0 0 19 42 53 68 76 85 90 96 102 104 110 113 116 116 124 124 127 127 130 133 130 133 133 133 130 133 136 133 130 127 130 127 121 121 116 119 113 104 102 96 96 85 76 73 59 53 34 2 0 0 0 0 0 0 0 0 0 0 0 0 0 0 0 0 0 0 0 0 0 0 0 0 11 22 34 45 59 70 82 93 102 102 102 102 102 102 102 102 102 102 102 102 102 102 102 102 102 102 102 102 102 93 82 70 56 45 34 22 8 0 0 0 0 0 0 0 0 0 0 0 0 0 0 0 0 0 0 0 0 0 0 0 0 0 0 0 0 0 0 0 0 0 0 0 0 0 0 0 
0 0 0 0 0 0 0 0 0 0 0 0 0 0 0 0 0 0 0 0 0 0 0 0 0 0 0 0 0 0 0 0 0 19 42 53 68 76 82 90 96 102 104 107 113 116 121 121 121 127 130 127 130 133 136 130 130 133 136 130 130 130 130 127 124 124 121 116 113 113 107 102 96 96 87 76 73 56 51 34 0 0 0 0 0 0 0 0 0 0 0 0 0 0 0 0 0 0 0 0 0 0 0 11 22 34 45 56 68 79 90 102 102 104 102 102 102 102 102 102 104 102 102 102 104 102 102 102 104 102 102 102 90 79 68 59 45 34 22 14 0 0 0 0 0 0 0 0 0 0 0 0 0 0 0 0 0 0 0 0 0 0 0 0 0 0 0 0 0 0 0 0 0 0 0 0 0 0 0 0 
0 0 0 0 0 0 0 0 0 0 0 0 0 0 0 0 0 0 0 0 0 0 0 0 0 0 0 0 0 0 0 0 0 0 22 42 59 68 76 85 90 96 102 107 107 113 116 121 119 124 127 130 130 133 133 133 133 133 133 130 133 133 130 130 127 124 121 121 119 113 107 110 104 99 90 87 79 70 62 48 31 0 0 0 0 0 0 0 0 0 0 0 0 0 0 0 0 0 0 0 0 2 11 25 34 45 53 68 76 87 99 104 102 102 104 102 102 104 104 102 102 104 102 102 104 104 102 102 104 102 99 90 79 68 56 48 34 25 14 5 0 0 0 0 0 0 0 0 0 0 0 0 0 0 0 0 0 0 0 0 0 0 0 0 0 0 0 0 0 0 0 0 0 0 0 0 0 0 0 0 
0 0 0 0 0 0 0 0 0 0 0 0 0 0 0 0 0 0 0 0 0 0 0 0 0 0 0 0 0 0 0 0 0 0 0 22 42 62 65 76 82 90 99 102 104 110 113 116 119 121 124 127 130 130 130 133 130 133 133 133 130 133 130 130 130 124 124 121 121 119 116 110 104 102 102 90 85 82 68 62 45 31 2 0 0 0 0 0 0 0 0 0 0 0 0 0 0 0 0 0 2 14 25 34 42 56 65 73 85 96 102 104 104 102 104 104 102 102 104 104 102 104 104 102 104 104 102 104 104 96 85 76 68 56 45 36 25 14 5 0 0 0 0 0 0 0 0 0 0 0 0 0 0 0 0 0 0 0 0 0 0 0 0 0 0 0 0 0 0 0 0 0 0 0 0 0 0 0 0 0 
0 0 0 0 0 0 0 0 0 0 0 0 0 0 0 0 0 0 0 0 0 0 0 0 0 0 0 0 0 0 0 0 0 0 0 0 22 39 59 65 76 82 90 96 102 107 110 110 119 121 121 124 124 127 133 130 133 130 133 133 133 133 133 130 133 127 127 124 121 121 119 113 110 107 99 99 93 85 79 65 65 48 31 2 0 0 0 0 0 0 0 0 0 0 0 0 0 0 0 8 17 25 34 45 53 62 73 82 90 102 104 102 104 104 102 104 104 102 104 104 102 104 104 102 104 104 104 102 93 85 73 65 56 45 36 28 17 8 0 0 0 0 0 0 0 0 0 0 0 0 0 0 0 0 0 0 0 0 0 0 0 0 0 0 0 0 0 0 0 0 0 0 0 0 0 0 0 0 0 0 
0 0 0 0 0 0 0 0 0 0 0 0 0 0 0 0 0 0 0 0 0 0 0 0 0 0 0 0 0 0 0 0 0 0 0 0 0 22 45 59 68 73 85 90 96 102 107 107 113 119 119 124 121 124 130 130 130 130 133 130 136 136 130 133 133 130 130 127 124 124 121 119 110 107 107 104 96 93 87 79 68 65 48 31 2 0 0 0 0 0 0 0 0 0 0 0 0 0 8 17 25 36 45 51 62 70 82 90 99 104 104 104 104 104 104 104 104 104 104 104 104 104 104 104 104 104 102 90 82 73 62 53 45 36 28 19 8 0 0 0 0 0 0 0 0 0 0 0 0 0 0 0 0 0 0 0 0 0 0 0 0 0 0 0 0 0 0 0 0 0 0 0 0 0 0 0 0 0 0 0 
0 0 0 0 0 0 0 0 0 0 0 0 0 0 0 0 0 0 0 0 0 0 0 0 0 0 0 0 0 0 0 0 0 0 0 0 0 0 22 42 59 68 73 87 87 96 104 104 110 110 116 121 121 124 127 127 130 133 127 133 133 136 133 133 127 133 133 127 127 124 121 121 121 113 110 104 104 96 93 87 79 65 65 48 34 2 0 0 0 0 0 0 0 0 0 0 2 8 17 28 36 42 53 62 73 79 87 99 104 104 107 104 104 104 104 107 104 104 107 104 104 107 104 104 104 96 90 79 70 62 53 45 36 28 19 8 0 0 0 0 0 0 0 0 0 0 0 0 0 0 0 0 0 0 0 0 0 0 0 0 0 0 0 0 0 0 0 0 0 0 0 0 0 0 0 0 0 0 0 0 
0 0 0 0 0 0 0 0 0 0 0 0 0 0 0 0 0 0 0 0 0 0 0 0 0 0 0 0 0 0 0 0 0 0 0 0 0 0 0 17 42 59 68 76 85 90 96 102 107 110 113 116 121 124 124 124 127 130 133 130 133 133 133 133 133 130 130 130 130 127 124 124 119 119 116 107 107 104 99 93 87 82 68 62 48 31 2 0 0 0 0 0 0 0 0 2 11 19 28 34 45 53 62 70 76 87 96 102 107 104 107 107 104 107 104 104 107 104 107 104 104 107 104 104 96 87 79 68 62 53 45 36 25 19 11 0 0 0 0 0 0 0 0 0 0 0 0 0 0 0 0 0 0 0 0 0 0 0 0 0 0 0 0 0 0 0 0 0 0 0 0 0 0 0 0 0 0 0 0 0 
0 0 0 0 0 0 0 0 0 0 0 0 0 0 0 0 0 0 0 0 0 0 0 0 0 0 0 0 0 0 0 0 0 0 0 0 0 0 0 0 17 39 59 65 73 82 93 96 102 107 107 113 116 121 121 127 124 127 133 127 133 130 133 133 133 133 133 130 133 127 124 127 124 121 116 116 113 107 104 99 90 87 79 68 62 48 31 2 0 0 0 0 0 0 2 11 19 28 36 45 51 62 68 79 85 93 102 104 107 107 104 107 104 107 107 104 107 104 107 107 107 107 99 93 85 76 68 59 51 45 36 28 19 11 5 0 0 0 0 0 0 0 0 0 0 0 0 0 0 0 0 0 0 0 0 0 0 0 0 0 0 0 0 0 0 0 0 0 0 0 0 0 0 0 0 0 0 0 0 0 
0 0 0 0 0 0 0 0 0 0 0 0 0 0 0 0 0 0 0 0 0 0 0 0 0 0 0 0 0 0 0 0 0 0 0 0 0 0 0 0 0 17 42 56 68 76 85 90 99 102 107 107 113 116 119 124 124 127 127 127 130 133 133 136 130 133 133 133 130 130 130 127 124 124 121 116 113 113 107 102 102 90 90 76 73 59 53 31 2 0 0 0 0 5 14 22 28 36 45 53 59 70 76 82 93 99 107 107 107 107 107 107 107 107 107 110 107 107 107 107 104 99 93 82 76 68 59 51 42 36 28 19 11 5 0 0 0 0 0 0 0 0 0 0 0 0 0 0 0 0 0 0 0 0 0 0 0 0 0 0 0 0 0 0 0 0 0 0 0 0 0 0 0 0 0 0 0 0 0 0 
0 0 0 0 0 0 0 0 0 0 0 0 0 0 0 0 0 0 0 0 0 0 0 0 0 0 0 0 0 0 0 0 0 0 0 0 0 0 0 0 0 0 14 42 53 68 79 82 93 96 104 104 110 116 113 119 124 124 127 127 130 130 133 133 130 133 136 133 133 130 127 127 127 127 124 121 116 116 110 107 102 99 93 87 76 73 59 53 28 2 0 0 5 14 22 31 36 45 53 59 68 73 85 90 99 104 110 107 107 107 107 110 107 110 107 110 107 107 107 104 99 87 82 73 68 56 51 42 36 25 19 14 5 0 0 0 0 0 0 0 0 0 0 0 0 0 0 0 0 0 0 0 0 0 0 0 0 0 0 0 0 0 0 0 0 0 0 0 0 0 0 0 0 0 0 0 0 0 0 0 
0 0 0 0 0 0 0 0 0 0 0 0 0 0 0 0 0 0 0 0 0 0 0 0 0 0 0 0 0 0 0 0 0 0 0 0 0 0 0 0 0 0 0 14 39 56 65 79 79 90 96 102 102 113 110 116 119 121 124 127 127 130 127 133 133 130 136 133 133 133 133 127 127 130 127 127 119 119 116 113 107 104 99 96 87 79 76 59 51 28 2 8 17 22 31 36 45 51 62 68 76 82 90 96 104 110 107 110 107 110 107 110 107 110 107 110 107 110 102 93 87 79 73 65 59 48 42 34 28 19 14 5 0 0 0 0 0 0 0 0 0 0 0 0 0 0 0 0 0 0 0 0 0 0 0 0 0 0 0 0 0 0 0 0 0 0 0 0 0 0 0 0 0 0 0 0 0 0 0 0 
0 0 0 0 0 0 0 0 0 0 0 0 0 0 0 0 0 0 0 0 0 0 0 0 0 0 0 0 0 0 0 0 0 0 0 0 0 0 0 0 0 0 0 0 11 39 53 68 76 82 87 99 99 104 110 113 116 119 119 127 127 130 124 130 130 136 133 133 133 130 133 130 130 124 130 127 124 121 116 119 113 110 104 99 96 85 82 73 62 53 42 22 25 31 39 45 53 59 68 73 82 90 96 104 107 110 107 110 110 110 110 110 110 110 110 110 107 99 93 85 79 70 65 56 51 42 36 28 22 11 5 0 0 0 0 0 0 0 0 0 0 0 0 0 0 0 0 0 0 0 0 0 0 0 0 0 0 0 0 0 0 0 0 0 0 0 0 0 0 0 0 0 0 0 0 0 0 0 0 0 
0 0 0 0 0 0 0 0 0 0 0 0 0 0 0 0 0 0 0 0 0 0 0 0 0 0 0 0 0 0 0 0 0 0 0 0 0 0 0 0 0 0 0 0 0 11 39 51 65 76 82 90 96 99 104 107 116 116 119 121 124 127 127 127 133 130 133 133 133 133 133 133 130 130 127 130 127 121 121 116 116 113 107 102 99 96 90 82 79 76 68 65 39 39 45 53 59 68 73 82 87 96 102 110 110 110 110 110 110 110 110 110 110 110 113 104 99 90 85 76 70 62 56 48 42 34 28 19 14 5 0 0 0 0 0 0 0 0 0 0 0 0 0 0 0 0 0 0 0 0 0 0 0 0 0 0 0 0 0 0 0 0 0 0 0 0 0 0 0 0 0 0 0 0 0 0 0 0 0 0 
0 0 0 0 0 0 0 0 0 0 0 0 0 0 0 0 0 0 0 0 0 0 0 0 0 0 0 0 0 0 0 0 0 0 0 0 0 0 0 0 0 0 0 0 0 0 8 39 51 62 73 85 87 96 99 104 110 113 116 119 121 121 130 127 130 127 133 130 136 130 133 133 133 130 130 127 127 127 121 121 119 113 113 107 107 99 96 93 96 96 90 82 79 59 53 62 68 76 79 87 93 102 107 113 110 113 110 113 113 113 113 113 113 107 102 93 90 82 76 68 62 53 48 39 36 28 22 14 5 0 0 0 0 0 0 0 0 0 0 0 0 0 0 0 0 0 0 0 0 0 0 0 0 0 0 0 0 0 0 0 0 0 0 0 0 0 0 0 0 0 0 0 0 0 0 0 0 0 0 0 
0 0 0 0 0 0 0 0 0 0 0 0 0 0 0 0 0 0 0 0 0 0 0 0 0 0 0 0 0 0 0 0 0 0 0 0 0 0 0 0 0 0 0 0 0 0 0 5 34 51 65 70 82 87 93 99 104 110 113 116 119 119 121 130 127 127 130 133 130 133 133 133 133 130 133 127 130 124 130 121 121 119 116 113 110 104 104 110 110 113 107 104 99 93 73 65 73 82 87 96 99 107 113 113 113 113 113 113 113 113 113 113 107 102 93 87 82 73 68 59 53 48 42 34 28 19 14 8 0 0 0 0 0 0 0 0 0 0 0 0 0 0 0 0 0 0 0 0 0 0 0 0 0 0 0 0 0 0 0 0 0 0 0 0 0 0 0 0 0 0 0 0 0 0 0 0 0 0 0 0 
0 0 0 0 0 0 0 0 0 0 0 0 0 0 0 0 0 0 0 0 0 0 0 0 0 0 0 0 0 0 0 0 0 0 0 0 0 0 0 0 0 0 0 0 0 0 0 0 0 31 48 65 70 82 87 93 96 104 110 110 116 119 121 124 124 127 130 130 130 130 133 133 133 133 130 130 130 130 127 124 124 121 121 119 113 121 119 127 121 121 127 124 121 119 110 85 82 85 93 102 107 113 113 116 113 113 116 113 116 113 110 104 99 93 85 79 73 65 59 53 48 39 34 28 19 14 5 2 0 0 0 0 0 0 0 0 0 0 0 0 0 0 0 0 0 0 0 0 0 0 0 0 0 0 0 0 0 0 0 0 0 0 0 0 0 0 0 0 0 0 0 0 0 0 0 0 0 0 0 0 
0 0 0 0 0 0 0 0 0 0 0 0 0 0 0 0 0 0 0 0 0 0 0 0 0 0 0 0 0 0 0 0 0 0 0 0 0 0 0 0 0 0 0 0 0 0 0 0 0 2 34 48 65 70 79 90 90 96 107 107 113 116 119 121 121 121 127 127 133 127 133 133 133 136 133 130 130 130 133 127 124 124 124 121 127 130 133 136 141 136 138 141 136 136 133 121 102 93 99 107 113 116 113 116 116 116 116 113 116 110 104 96 90 85 76 73 65 56 53 45 39 34 25 19 14 8 0 0 0 0 0 0 0 0 0 0 0 0 0 0 0 0 0 0 0 0 0 0 0 0 0 0 0 0 0 0 0 0 0 0 0 0 0 0 0 0 0 0 0 0 0 0 0 0 0 0 0 0 0 0 
0 0 0 0 0 0 0 0 0 0 0 0 0 0 0 0 0 0 0 0 0 0 0 0 0 0 0 0 0 0 0 0 0 0 0 0 0 0 0 0 0 0 0 0 0 0 0 0 0 0 2 34 45 62 73 82 87 90 99 104 107 113 113 119 121 121 124 124 130 130 130 133 130 136 133 133 130 130 130 130 130 124 130 136 136 144 144 147 150 150 153 153 153 150 153 147 133 119 104 113 116 116 119 116 119 116 116 116 107 102 96 87 85 76 70 65 56 51 45 39 34 25 19 14 8 0 0 0 0 0 0 0 0 0 0 0 0 0 0 0 0 0 0 0 0 0 0 0 0 0 0 0 0 0 0 0 0 0 0 0 0 0 0 0 0 0 0 0 0 0 0 0 0 0 0 0 0 0 0 0 
0 0 0 0 0 0 0 0 0 0 0 0 0 0 0 0 0 0 0 0 0 0 0 0 0 0 0 0 0 0 0 0 0 0 0 0 0 0 0 0 0 0 0 0 0 0 0 0 0 0 0 0 25 45 62 70 79 87 93 96 104 107 110 116 119 121 124 121 124 130 130 133 130 133 136 130 133 130 133 130 133 133 141 138 150 153 153 155 161 161 167 167 164 167 164 164 158 144 130 119 116 119 119 116 119 119 110 107 99 96 87 82 76 70 62 59 51 42 39 31 25 19 14 5 2 0 0 0 0 0 0 0 0 0 0 0 0 0 0 0 0 0 0 0 0 0 0 0 0 0 0 0 0 0 0 0 0 0 0 0 0 0 0 0 0 0 0 0 0 0 0 0 0 0 0 0 0 0 0 0 
0 0 0 0 0 0 0 0 0 0 0 0 0 0 0 0 0 0 0 0 0 0 0 0 0 0 0 0 0 0 0 0 0 0 0 0 0 0 0 0 0 0 0 0 0 0 0 0 0 0 0 0 0 25 42 59 70 79 85 90 96 102 107 110 116 116 121 121 121 127 130 130 133 133 130 133 133 130 130 133 141 144 150 153 155 158 167 167 170 172 175 178 175 178 178 178 175 170 158 147 121 119 119 121 116 110 104 99 93 87 82 73 70 62 56 51 45 36 34 25 19 14 8 0 0 0 0 0 0 0 0 0 0 0 0 0 0 0 0 0 0 0 0 0 0 0 0 0 0 0 0 0 0 0 0 0 0 0 0 0 0 0 0 0 0 0 0 0 0 0 0 0 0 0 0 0 0 0 0 0 
0 0 0 0 0 0 0 0 0 0 0 0 0 0 0 0 0 0 0 0 0 0 0 0 0 0 0 0 0 0 0 0 0 0 0 0 0 0 0 0 0 0 0 0 0 0 0 0 0 0 0 0 0 0 17 39 59 68 76 85 90 99 99 107 110 113 116 121 119 124 127 127 130 133 130 133 133 133 133 138 147 150 158 161 167 170 172 181 181 184 187 189 189 189 192 192 189 189 178 167 150 119 121 116 110 104 99 90 85 79 73 68 62 56 48 45 36 31 25 19 14 5 2 0 0 0 0 0 0 0 0 0 0 0 0 0 0 0 0 0 0 0 0 0 0 0 0 0 0 0 0 0 0 0 0 0 0 0 0 0 0 0 0 0 0 0 0 0 0 0 0 0 0 0 0 0 0 0 0 0 
0 0 0 0 0 0 0 0 0 0 0 0 0 0 0 0 0 0 0 0 0 0 0 0 0 0 0 0 0 0 0 0 0 0 0 0 0 0 0 0 0 0 0 0 0 0 0 0 0 0 0 0 0 0 0 19 42 56 68 76 85 90 96 99 107 110 113 119 121 121 124 127 127 130 133 133 133 133 138 147 153 161 164 170 170 178 181 187 187 195 195 198 201 201 204 206 204 201 195 181 167 150 116 107 102 96 90 85 76 73 68 59 56 48 42 36 31 25 19 11 8 0 0 0 0 0 0 0 0 0 0 0 0 0 0 0 0 0 0 0 0 0 0 0 0 0 0 0 0 0 0 0 0 0 0 0 0 0 0 0 0 0 0 0 0 0 0 0 0 0 0 0 0 0 0 0 0 0 0 0 
0 0 0 0 0 0 0 0 0 0 0 0 0 0 0 0 0 0 0 0 0 0 0 0 0 0 0 0 0 0 0 0 0 0 0 0 0 0 0 0 0 0 0 0 0 0 0 0 0 0 0 0 0 0 0 0 11 39 51 65 73 82 90 96 99 102 110 113 119 119 121 124 130 124 127 130 136 147 147 155 158 164 178 175 184 187 192 198 198 201 209 209 212 212 215 218 218 209 204 198 184 164 141 104 96 90 82 76 70 65 59 53 48 42 36 31 22 19 14 5 0 0 0 0 0 0 0 0 0 0 0 0 0 0 0 0 0 0 0 0 0 0 0 0 0 0 0 0 0 0 0 0 0 0 0 0 0 0 0 0 0 0 0 0 0 0 0 0 0 0 0 0 0 0 0 0 0 0 0 0 
0 0 0 0 0 0 0 0 0 0 0 0 0 0 0 0 0 0 0 0 0 0 0 0 0 0 0 0 0 0 0 0 0 0 0 0 0 0 0 0 0 0 0 0 0 0 0 0 0 0 0 0 0 0 0 0 0 11 34 51 65 76 82 90 96 99 102 110 116 119 119 119 127 124 124 136 138 153 155 161 164 172 181 184 192 192 198 201 209 212 212 221 221 223 226 229 229 221 209 198 189 172 150 124 96 82 76 70 62 59 53 48 39 36 31 22 17 11 8 0 0 0 0 0 0 0 0 0 0 0 0 0 0 0 0 0 0 0 0 0 0 0 0 0 0 0 0 0 0 0 0 0 0 0 0 0 0 0 0 0 0 0 0 0 0 0 0 0 0 0 0 0 0 0 0 0 0 0 0 0 
0 0 0 0 0 0 0 0 0 0 0 0 0 0 0 0 0 0 0 0 0 0 0 0 0 0 0 0 0 0 0 0 0 0 0 0 0 0 0 0 0 0 0 0 0 0 0 0 0 0 0 0 0 0 0 0 0 0 8 34 51 68 76 79 90 93 102 102 107 116 116 119 121 124 136 141 150 150 161 170 175 178 184 192 198 204 204 215 215 221 226 229 232 232 238 238 232 223 215 201 184 175 164 138 121 87 70 62 56 53 48 39 34 28 25 19 11 5 0 0 0 0 0 0 0 0 0 0 0 0 0 0 0 0 0 0 0 0 0 0 0 0 0 0 0 0 0 0 0 0 0 0 0 0 0 0 0 0 0 0 0 0 0 0 0 0 0 0 0 0 0 0 0 0 0 0 0 0 0 0 
0 0 0 0 0 0 0 0 0 0 0 0 0 0 0 0 0 0 0 0 0 0 0 0 0 0 0 0 0 0 0 0 0 0 0 0 0 0 0 0 0 0 0 0 0 0 0 0 0 0 0 0 0 0 0 0 0 0 0 2 34 51 59 73 79 87 93 99 104 107 110 116 119 130 138 147 153 161 164 172 181 187 195 195 204 209 215 221 223 226 229 235 240 243 246 240 229 218 212 204 189 175 161 150 130 113 76 56 51 48 42 34 28 22 17 11 5 0 0 0 0 0 0 0 0 0 0 0 0 0 0 0 0 0 0 0 0 0 0 0 0 0 0 0 0 0 0 0 0 0 0 0 0 0 0 0 0 0 0 0 0 0 0 0 0 0 0 0 0 0 0 0 0 0 0 0 0 0 0 0 
0 0 0 0 0 0 0 0 0 0 0 0 0 0 0 0 0 0 0 0 0 0 0 0 0 0 0 0 0 0 0 0 0 0 0 0 0 0 0 0 0 0 0 0 0 0 0 0 0 0 0 0 0 0 0 0 0 0 0 0 2 28 53 62 73 79 87 93 99 104 104 113 124 133 144 150 155 164 172 178 187 195 198 204 209 215 223 226 232 235 243 243 246 252 243 238 232 218 206 201 189 175 164 153 136 119 104 65 45 39 34 28 22 17 11 5 0 0 0 0 0 0 0 0 0 0 0 0 0 0 0 0 0 0 0 0 0 0 0 0 0 0 0 0 0 0 0 0 0 0 0 0 0 0 0 0 0 0 0 0 0 0 0 0 0 0 0 0 0 0 0 0 0 0 0 0 0 0 0 0 
0 0 0 0 0 0 0 0 0 0 0 0 0 0 0 0 0 0 0 0 0 0 0 0 0 0 0 0 0 0 0 0 0 0 0 0 0 0 0 0 0 0 0 0 0 0 0 0 0 0 0 0 0 0 0 0 0 0 0 0 0 0 19 48 59 70 79 87 93 99 107 116 127 136 144 153 164 170 181 184 189 198 206 212 212 221 229 235 238 243 249 252 255 246 243 232 226 215 206 198 189 178 161 153 138 127 110 87 53 34 28 19 14 11 5 0 0 0 0 0 0 0 0 0 0 0 0 0 0 0 0 0 0 0 0 0 0 0 0 0 0 0 0 0 0 0 0 0 0 0 0 0 0 0 0 0 0 0 0 0 0 0 0 0 0 0 0 0 0 0 0 0 0 0 0 0 0 0 0 0 
0 0 0 0 0 0 0 0 0 0 0 0 0 0 0 0 0 0 0 0 0 0 0 0 0 0 0 0 0 0 0 0 0 0 0 0 0 0 0 0 0 0 0 0 0 0 0 0 0 0 0 0 0 0 0 0 0 0 0 0 0 0 0 19 48 59 68 79 87 96 107 119 130 138 147 158 167 175 181 189 198 206 209 212 223 226 240 240 246 249 255 255 252 249 238 232 221 212 201 192 184 175 164 150 141 127 113 102 82 48 22 17 11 2 0 0 0 0 0 0 0 0 0 0 0 0 0 0 0 0 0 0 0 0 0 0 0 0 0 0 0 0 0 0 0 0 0 0 0 0 0 0 0 0 0 0 0 0 0 0 0 0 0 0 0 0 0 0 0 0 0 0 0 0 0 0 0 0 0 0 
0 0 0 0 0 0 0 0 0 0 0 0 0 0 0 0 0 0 0 0 0 0 0 0 0 0 0 0 0 0 0 0 0 0 0 0 0 0 0 0 0 0 0 0 0 0 0 0 0 0 0 0 0 0 0 0 0 0 0 0 0 0 0 0 14 42 59 68 82 96 107 119 130 141 150 158 170 178 184 192 201 209 218 221 226 232 240 249 255 255 255 255 246 240 232 223 215 209 201 189 181 175 164 153 141 130 119 99 90 76 45 14 5 0 0 0 0 0 0 0 0 0 0 0 0 0 0 0 0 0 0 0 0 0 0 0 0 0 0 0 0 0 0 0 0 0 0 0 0 0 0 0 0 0 0 0 0 0 0 0 0 0 0 0 0 0 0 0 0 0 0 0 0 0 0 0 0 0 0 0 
0 0 0 0 0 0 0 0 0 0 0 0 0 0 0 0 0 0 0 0 0 0 0 0 0 0 0 0 0 0 0 0 0 0 0 0 0 0 0 0 0 0 0 0 0 0 0 0 0 0 0 0 0 0 0 0 0 0 0 0 0 0 0 0 0 11 42 65 76 93 107 119 130 141 153 164 167 178 189 192 204 209 221 226 232 238 243 252 252 255 249 246 240 235 229 218 215 206 201 189 178 167 164 153 141 130 119 107 90 76 59 36 2 0 0 0 0 0 0 0 0 0 0 0 0 0 0 0 0 0 0 0 0 0 0 0 0 0 0 0 0 0 0 0 0 0 0 0 0 0 0 0 0 0 0 0 0 0 0 0 0 0 0 0 0 0 0 0 0 0 0 0 0 0 0 0 0 0 0 0 
0 0 0 0 0 0 0 0 0 0 0 0 0 0 0 0 0 0 0 0 0 0 0 0 0 0 0 0 0 0 0 0 0 0 0 0 0 0 0 0 0 0 0 0 0 0 0 0 0 0 0 0 0 0 0 0 0 0 0 0 0 0 0 0 0 2 17 53 73 87 104 121 133 144 155 167 175 181 192 204 209 218 226 232 240 246 249 249 252 252 249 240 235 229 223 218 209 204 195 187 178 167 158 153 144 133 121 107 96 79 68 53 34 5 0 0 0 0 0 0 0 0 0 0 0 0 0 0 0 0 0 0 0 0 0 0 0 0 0 0 0 0 0 0 0 0 0 0 0 0 0 0 0 0 0 0 0 0 0 0 0 0 0 0 0 0 0 0 0 0 0 0 0 0 0 0 0 0 0 0 
0 0 0 0 0 0 0 0 0 0 0 0 0 0 0 0 0 0 0 0 0 0 0 0 0 0 0 0 0 0 0 0 0 0 0 0 0 0 0 0 0 0 0 0 0 0 0 0 0 0 0 0 0 0 0 0 0 0 0 0 0 0 0 0 2 8 14 25 62 87 99 116 133 144 158 167 178 187 198 204 215 221 226 235 243 246 246 246 246 249 243 240 229 221 221 209 206 198 192 184 175 167 158 147 141 133 119 107 99 85 73 65 56 39 5 0 0 0 0 0 0 0 0 0 0 0 0 0 0 0 0 0 0 0 0 0 0 0 0 0 0 0 0 0 0 0 0 0 0 0 0 0 0 0 0 0 0 0 0 0 0 0 0 0 0 0 0 0 0 0 0 0 0 0 0 0 0 0 0 0 
0 0 0 0 0 0 0 0 0 0 0 0 0 0 0 0 0 0 0 0 0 0 0 0 0 0 0 0 0 0 0 0 0 0 0 0 0 0 0 0 0 0 0 0 0 0 0 0 0 0 0 0 0 0 0 0 0 0 0 0 0 0 0 5 11 17 22 28 39 73 96 110 127 144 158 167 178 189 198 206 215 223 235 238 238 246 243 246 246 240 238 232 226 215 209 204 204 195 187 181 170 167 153 144 138 130 121 110 99 90 85 73 65 56 45 14 0 0 0 0 0 0 0 0 0 0 0 0 0 0 0 0 0 0 0 0 0 0 0 0 0 0 0 0 0 0 0 0 0 0 0 0 0 0 0 0 0 0 0 0 0 0 0 0 0 0 0 0 0 0 0 0 0 0 0 0 0 0 0 0 
0 0 0 0 0 0 0 0 0 0 0 0 0 0 0 0 0 0 0 0 0 0 0 0 0 0 0 0 0 0 0 0 0 0 0 0 0 0 0 0 0 0 0 0 0 0 0 0 0 0 0 0 0 0 0 0 0 0 0 0 0 0 5 8 17 22 28 34 39 48 79 104 121 138 153 167 178 189 204 209 221 229 229 235 238 240 238 238 240 235 232 226 221 209 206 201 195 192 181 175 167 161 153 141 136 130 119 104 102 96 90 87 73 68 56 42 14 0 0 0 0 0 0 0 0 0 0 0 0 0 0 0 0 0 0 0 0 0 0 0 0 0 0 0 0 0 0 0 0 0 0 0 0 0 0 0 0 0 0 0 0 0 0 0 0 0 0 0 0 0 0 0 0 0 0 0 0 0 0 0 
0 0 0 0 0 0 0 0 0 0 0 0 0 0 0 0 0 0 0 0 0 0 0 0 0 0 0 0 0 0 0 0 0 0 0 0 0 0 0 0 0 0 0 0 0 0 0 0 0 0 0 0 0 0 0 0 0 0 0 0 0 5 11 17 22 31 34 39 45 51 59 87 116 130 150 164 181 192 201 212 218 223 226 229 232 235 238 235 232 223 223 221 215 206 198 195 192 184 175 167 161 153 153 138 130 121 116 110 104 102 99 93 87 76 70 59 48 19 0 0 0 0 0 0 0 0 0 0 0 0 0 0 0 0 0 0 0 0 0 0 0 0 0 0 0 0 0 0 0 0 0 0 0 0 0 0 0 0 0 0 0 0 0 0 0 0 0 0 0 0 0 0 0 0 0 0 0 0 0 0 
0 0 0 0 0 0 0 0 0 0 0 0 0 0 0 0 0 0 0 0 0 0 0 0 0 0 0 0 0 0 0 0 0 0 0 0 0 0 0 0 0 0 0 0 0 0 0 0 0 0 0 0 0 0 0 0 0 0 0 0 8 14 17 22 31 36 42 45 51 59 65 70 93 130 144 164 175 192 201 206 212 215 221 223 223 229 232 232 223 218 215 212 209 201 195 187 184 178 172 164 155 150 144 138 127 119 116 116 110 104 102 99 93 87 76 70 56 48 19 0 0 0 0 0 0 0 0 0 0 0 0 0 0 0 0 0 0 0 0 0 0 0 0 0 0 0 0 0 0 0 0 0 0 0 0 0 0 0 0 0 0 0 0 0 0 0 0 0 0 0 0 0 0 0 0 0 0 0 0 0 
0 0 0 0 0 0 0 0 0 0 0 0 0 0 0 0 0 0 0 0 0 0 0 0 0 0 0 0 0 0 0 0 0 0 0 0 0 0 0 0 0 0 0 0 0 0 0 0 0 0 0 0 0 0 0 0 0 0 2 5 14 19 25 28 36 42 48 53 59 65 70 79 85 110 141 161 178 184 189 201 206 209 212 218 223 226 223 221 218 212 206 206 198 195 189 187 178 170 167 158 155 147 138 130 124 121 116 119 116 113 107 102 99 93 85 76 73 62 48 25 0 0 0 0 0 0 0 0 0 0 0 0 0 0 0 0 0 0 0 0 0 0 0 0 0 0 0 0 0 0 0 0 0 0 0 0 0 0 0 0 0 0 0 0 0 0 0 0 0 0 0 0 0 0 0 0 0 0 0 0 
0 0 0 0 0 0 0 0 0 0 0 0 0 0 0 0 0 0 0 0 0 0 0 0 0 0 0 0 0 0 0 0 0 0 0 0 0 0 0 0 0 0 0 0 0 0 0 0 0 0 0 0 0 0 0 0 0 2 8 14 19 25 31 39 42 48 53 62 65 70 79 85 87 96 119 150 164 172 184 192 198 201 206 212 218 218 215 212 206 204 204 195 189 187 184 178 172 164 155 155 150 141 133 127 127 124 124 119 121 113 116 107 102 99 93 85 79 73 65 51 31 0 0 0 0 0 0 0 0 0 0 0 0 0 0 0 0 0 0 0 0 0 0 0 0 0 0 0 0 0 0 0 0 0 0 0 0 0 0 0 0 0 0 0 0 0 0 0 0 0 0 0 0 0 0 0 0 0 0 0 
0 0 0 0 0 0 0 0 0 0 0 0 0 0 0 0 0 0 0 0 0 0 0 0 0 0 0 0 0 0 0 0 0 0 0 0 0 0 0 0 0 0 0 0 0 0 0 0 0 0 0 0 0 0 0 0 2 8 14 19 28 31 36 45 51 53 62 68 76 79 85 93 96 104 104 119 144 158 172 184 189 195 201 204 209 212 201 206 198 195 192 189 184 178 178 170 164 155 155 144 138 136 130 133 124 130 124 121 121 119 116 113 110 102 99 96 87 82 73 65 51 34 2 0 0 0 0 0 0 0 0 0 0 0 0 0 0 0 0 0 0 0 0 0 0 0 0 0 0 0 0 0 0 0 0 0 0 0 0 0 0 0 0 0 0 0 0 0 0 0 0 0 0 0 0 0 0 0 0 0 
0 0 0 0 0 0 0 0 0 0 0 0 0 0 0 0 0 0 0 0 0 0 0 0 0 0 0 0 0 0 0 0 0 0 0 0 0 0 0 0 0 0 0 0 0 0 0 0 0 0 0 0 0 0 0 2 8 17 22 25 34 39 45 51 59 62 68 76 82 87 93 102 102 104 104 102 107 141 158 170 181 189 189 201 198 201 195 195 192 187 184 181 175 172 170 161 158 150 147 138 133 133 130 133 130 130 127 124 124 121 119 119 113 110 104 99 96 87 85 76 68 51 36 5 0 0 0 0 0 0 0 0 0 0 0 0 0 0 0 0 0 0 0 0 0 0 0 0 0 0 0 0 0 0 0 0 0 0 0 0 0 0 0 0 0 0 0 0 0 0 0 0 0 0 0 0 0 0 0 0 
0 0 0 0 0 0 0 0 0 0 0 0 0 0 0 0 0 0 0 0 0 0 0 0 0 0 0 0 0 0 0 0 0 0 0 0 0 0 0 0 0 0 0 0 0 0 0 0 0 0 0 0 0 0 2 11 14 22 28 34 39 48 51 59 65 70 76 82 90 93 102 104 102 102 104 102 102 113 138 155 170 175 184 187 189 184 184 184 181 178 175 175 164 164 155 155 150 147 136 136 130 130 133 130 133 130 130 127 124 124 121 121 116 113 107 107 99 93 90 85 73 65 51 36 11 0 0 0 0 0 0 0 0 0 0 0 0 0 0 0 0 0 0 0 0 0 0 0 0 0 0 0 0 0 0 0 0 0 0 0 0 0 0 0 0 0 0 0 0 0 0 0 0 0 0 0 0 0 0 0 
0 0 0 0 0 0 0 0 0 0 0 0 0 0 0 0 0 0 0 0 0 0 0 0 0 0 0 0 0 0 0 0 0 0 0 0 0 0 0 0 0 0 0 0 0 0 0 0 0 0 0 0 0 5 8 17 22 28 34 42 45 53 62 65 73 79 85 90 96 102 102 99 102 102 99 102 102 99 104 138 150 167 170 175 175 172 175 172 170 167 167 164 161 153 147 144 144 133 133 130 133 136 133 130 130 133 130 133 127 124 121 121 121 116 113 110 107 99 96 90 85 76 68 59 39 11 0 0 0 0 0 0 0 0 0 0 0 0 0 0 0 0 0 0 0 0 0 0 0 0 0 0 0 0 0 0 0 0 0 0 0 0 0 0 0 0 0 0 0 0 0 0 0 0 0 0 0 0 0 0 
0 0 0 0 0 0 0 0 0 0 0 0 0 0 0 0 0 0 0 0 0 0 0 0 0 0 0 0 0 0 0 0 0 0 0 0 0 0 0 0 0 0 0 0 0 0 0 0 0 0 0 0 2 11 17 22 31 36 42 48 53 62 68 73 79 87 93 99 99 99 102 99 99 102 99 102 99 99 102 99 133 147 158 158 164 164 158 161 158 155 155 153 150 144 144 136 133 130 133 130 133 130 133 136 133 133 130 130 130 127 124 121 124 119 116 113 110 104 102 93 87 87 76 65 59 36 19 0 0 0 0 0 0 0 0 0 0 0 0 0 0 0 0 0 0 0 0 0 0 0 0 0 0 0 0 0 0 0 0 0 0 0 0 0 0 0 0 0 0 0 0 0 0 0 0 0 0 0 0 0 
0 0 0 0 0 0 0 0 0 0 0 0 0 0 0 0 0 0 0 0 0 0 0 0 0 0 0 0 0 0 0 0 0 0 0 0 0 0 0 0 0 0 0 0 0 0 0 0 0 0 0 5 11 17 25 28 36 45 48 56 62 68 76 82 87 93 99 99 99 99 99 99 99 99 99 99 99 99 99 99 99 124 133 141 141 147 153 141 147 150 144 144 136 138 133 124 124 124 130 130 130 130 133 130 136 133 133 130 130 133 127 124 124 121 119 119 113 110 107 104 93 90 87 76 68 59 42 19 0 0 0 0 0 0 0 0 0 0 0 0 0 0 0 0 0 0 0 0 0 0 0 0 0 0 0 0 0 0 0 0 0 0 0 0 0 0 0 0 0 0 0 0 0 0 0 0 0 0 0 0 
0 0 0 0 0 0 0 0 0 0 0 0 0 0 0 0 0 0 0 0 0 0 0 0 0 0 0 0 0 0 0 0 0 0 0 0 0 0 0 0 0 0 0 0 0 0 0 0 0 0 5 11 17 22 31 39 42 51 56 65 70 76 85 87 96 96 99 99 96 99 96 99 96 99 99 96 99 96 99 99 96 87 102 119 127 133 136 138 133 133 136 130 127 124 121 121 124 124 127 127 130 133 130 136 130 136 130 133 130 130 130 127 127 124 121 121 119 113 110 107 104 96 87 87 79 68 56 48 25 0 0 0 0 0 0 0 0 0 0 0 0 0 0 0 0 0 0 0 0 0 0 0 0 0 0 0 0 0 0 0 0 0 0 0 0 0 0 0 0 0 0 0 0 0 0 0 0 0 0 0 
0 0 0 0 0 0 0 0 0 0 0 0 0 0 0 0 0 0 0 0 0 0 0 0 0 0 0 0 0 0 0 0 0 0 0 0 0 0 0 0 0 0 0 0 0 0 0 0 0 2 11 19 25 34 36 45 51 59 65 70 79 85 93 96 99 96 96 96 96 99 96 99 96 99 96 96 96 96 99 96 90 82 76 90 104 113 119 124 121 121 119 121 116 110 116 116 119 121 124 127 130 127 130 130 133 133 133 136 133 127 130 127 130 124 124 121 119 116 116 110 110 104 96 90 87 82 70 59 42 25 0 0 0 0 0 0 0 0 0 0 0 0 0 0 0 0 0 0 0 0 0 0 0 0 0 0 0 0 0 0 0 0 0 0 0 0 0 0 0 0 0 0 0 0 0 0 0 0 0 0 
0 0 0 0 0 0 0 0 0 0 0 0 0 0 0 0 0 0 0 0 0 0 0 0 0 0 0 0 0 0 0 0 0 0 0 0 0 0 0 0 0 0 0 0 0 0 0 0 5 14 17 25 31 39 45 53 59 68 70 79 87 93 96 96 96 96 96 96 96 96 96 96 96 96 96 96 96 96 96 90 85 76 70 62 79 93 99 107 107 104 104 104 99 107 110 113 116 116 121 127 127 127 127 133 133 130 136 130 136 130 133 130 130 127 127 127 121 119 119 116 113 110 99 99 90 87 82 70 62 48 28 0 0 0 0 0 0 0 0 0 0 0 0 0 0 0 0 0 0 0 0 0 0 0 0 0 0 0 0 0 0 0 0 0 0 0 0 0 0 0 0 0 0 0 0 0 0 0 0 0 
0 0 0 0 0 0 0 0 0 0 0 0 0 0 0 0 0 0 0 0 0 0 0 0 0 0 0 0 0 0 0 0 0 0 0 0 0 0 0 0 0 0 0 0 0 0 0 5 11 19 25 34 39 48 53 62 68 76 82 87 93 96 96 96 96 96 96 96 96 96 96 96 96 96 96 96 96 96 90 82 76 68 62 53 51 59 82 82 93 90 90 90 99 99 107 110 113 119 119 121 127 127 127 127 130 136 130 133 130 133 133 133 130 127 127 130 124 121 119 119 113 113 107 102 99 96 85 85 73 59 51 34 5 0 0 0 0 0 0 0 0 0 0 0 0 0 0 0 0 0 0 0 0 0 0 0 0 0 0 0 0 0 0 0 0 0 0 0 0 0 0 0 0 0 0 0 0 0 0 0 
0 0 0 0 0 0 0 0 0 0 0 0 0 0 0 0 0 0 0 0 0 0 0 0 0 0 0 0 0 0 0 0 0 0 0 0 0 0 0 0 0 0 0 0 0 0 5 11 19 25 34 39 48 56 62 70 76 85 90 93 93 93 93 93 93 96 93 96 93 96 93 96 93 96 93 96 93 93 85 79 70 65 56 51 42 36 42 65 68 70 79 82 87 99 99 104 110 113 116 121 119 127 127 130 127 130 133 133 133 133 133 133 133 133 127 127 127 127 124 119 116 116 113 107 102 99 96 87 79 76 62 51 28 5 0 0 0 0 0 0 0 0 0 0 0 0 0 0 0 0 0 0 0 0 0 0 0 0 0 0 0 0 0 0 0 0 0 0 0 0 0 0 0 0 0 0 0 0 0 0 
0 0 0 0 0 0 0 0 0 0 0 0 0 0 0 0 0 0 0 0 0 0 0 0 0 0 0 0 0 0 0 0 0 0 0 0 0 0 0 0 0 0 0 0 0 2 14 19 28 34 42 48 56 65 73 79 85 93 93 93 93 93 93 93 93 93 93 96 93 96 93 93 93 93 93 93 93 87 79 73 62 56 51 42 36 28 19 25 45 56 65 79 79 90 96 102 102 113 110 116 119 121 124 130 127 130 127 130 136 130 136 133 133 133 130 127 127 130 127 124 119 119 116 113 107 104 99 96 87 79 76 62 51 28 5 0 0 0 0 0 0 0 0 0 0 0 0 0 0 0 0 0 0 0 0 0 0 0 0 0 0 0 0 0 0 0 0 0 0 0 0 0 0 0 0 0 0 0 0 0 
0 0 0 0 0 0 0 0 0 0 0 0 0 0 0 0 0 0 0 0 0 0 0 0 0 0 0 0 0 0 0 0 0 0 0 0 0 0 0 0 0 0 0 0 5 14 19 25 36 42 51 56 68 73 82 87 90 93 93 93 93 93 93 93 93 90 93 93 93 93 93 93 93 93 90 93 90 79 73 65 59 48 42 34 28 19 11 5 11 42 53 65 79 79 90 96 102 102 110 113 113 119 121 124 127 127 130 127 130 133 133 133 133 133 133 130 130 130 127 127 124 121 116 116 110 110 102 102 93 90 76 76 59 53 34 5 0 0 0 0 0 0 0 0 0 0 0 0 0 0 0 0 0 0 0 0 0 0 0 0 0 0 0 0 0 0 0 0 0 0 0 0 0 0 0 0 0 0 0 0 
0 0 0 0 0 0 0 0 0 0 0 0 0 0 0 0 0 0 0 0 0 0 0 0 0 0 0 0 0 0 0 0 0 0 0 0 0 0 0 0 0 0 0 5 11 19 28 36 42 51 59 65 76 82 93 93 90 93 90 93 93 90 93 90 93 90 93 93 90 93 90 93 90 93 93 90 82 73 65 56 51 42 34 28 17 11 2 0 0 11 39 53 68 73 82 90 96 102 104 107 116 116 119 124 124 127 124 130 130 130 133 133 133 133 133 133 133 130 130 124 127 124 121 119 116 113 107 104 99 93 90 79 73 62 53 36 8 0 0 0 0 0 0 0 0 0 0 0 0 0 0 0 0 0 0 0 0 0 0 0 0 0 0 0 0 0 0 0 0 0 0 0 0 0 0 0 0 0 0 0 
0 0 0 0 0 0 0 0 0 0 0 0 0 0 0 0 0 0 0 0 0 0 0 0 0 0 0 0 0 0 0 0 0 0 0 0 0 0 0 0 0 0 5 11 19 28 36 45 53 59 68 76 85 90 90 90 90 93 90 90 90 90 93 90 93 90 90 93 90 93 90 90 93 90 93 82 76 68 59 51 42 34 28 17 11 0 0 0 0 0 11 36 56 65 73 82 90 96 102 104 107 113 116 119 124 124 124 130 127 130 133 130 136 133 133 136 130 133 130 127 130 124 124 121 119 116 113 107 104 102 96 90 82 73 65 56 36 11 0 0 0 0 0 0 0 0 0 0 0 0 0 0 0 0 0 0 0 0 0 0 0 0 0 0 0 0 0 0 0 0 0 0 0 0 0 0 0 0 0 0 
0 0 0 0 0 0 0 0 0 0 0 0 0 0 0 0 0 0 0 0 0 0 0 0 0 0 0 0 0 0 0 0 0 0 0 0 0 0 0 0 0 2 11 19 28 36 45 53 62 68 79 87 93 90 90 90 90 93 90 90 90 90 90 90 90 93 90 90 90 90 93 90 90 90 85 76 68 59 53 42 34 25 17 11 0 0 0 0 0 0 0 8 34 53 65 70 82 87 93 102 104 107 110 113 121 121 121 124 127 130 133 130 130 133 133 133 133 130 130 133 130 127 124 124 121 121 116 113 107 107 102 96 87 82 73 65 56 36 11 0 0 0 0 0 0 0 0 0 0 0 0 0 0 0 0 0 0 0 0 0 0 0 0 0 0 0 0 0 0 0 0 0 0 0 0 0 0 0 0 0 
0 0 0 0 0 0 0 0 0 0 0 0 0 0 0 0 0 0 0 0 0 0 0 0 0 0 0 0 0 0 0 0 0 0 0 0 0 0 0 0 2 11 19 28 39 45 53 65 73 79 90 90 90 90 90 90 90 90 90 90 87 90 90 90 90 90 90 90 90 90 90 87 90 87 76 70 62 51 42 36 25 17 5 0 0 0 0 0 0 0 0 0 8 36 53 65 70 82 87 96 96 104 107 107 116 119 124 124 124 127 130 130 130 133 130 133 136 133 133 130 133 130 127 124 124 121 119 116 110 107 107 102 96 87 85 68 65 56 36 11 0 0 0 0 0 0 0 0 0 0 0 0 0 0 0 0 0 0 0 0 0 0 0 0 0 0 0 0 0 0 0 0 0 0 0 0 0 0 0 0 
0 0 0 0 0 0 0 0 0 0 0 0 0 0 0 0 0 0 0 0 0 0 0 0 0 0 0 0 0 0 0 0 0 0 0 0 0 0 0 0 8 19 28 36 48 56 65 76 82 87 90 90 90 90 90 90 90 90 90 90 87 90 90 87 90 90 87 90 90 87 90 90 87 79 73 62 53 45 34 25 17 5 0 0 0 0 0 0 0 0 0 0 0 8 36 53 65 68 85 85 96 99 104 107 110 116 119 121 124 127 127 130 133 130 133 133 133 136 133 130 133 133 127 127 127 121 121 121 116 110 110 104 102 93 87 87 70 65 53 39 14 0 0 0 0 0 0 0 0 0 0 0 0 0 0 0 0 0 0 0 0 0 0 0 0 0 0 0 0 0 0 0 0 0 0 0 0 0 0 0 
0 0 0 0 0 0 0 0 0 0 0 0 0 0 0 0 0 0 0 0 0 0 0 0 0 0 0 0 0 0 0 0 0 0 0 0 0 0 0 8 19 28 36 45 56 68 76 87 87 87 90 87 87 90 87 87 90 90 87 90 90 87 90 90 87 90 90 87 90 90 87 90 85 73 62 53 42 34 25 14 5 0 0 0 0 0 0 0 0 0 0 0 0 0 5 34 48 65 68 85 87 90 102 104 104 110 116 119 121 121 124 127 130 130 133 130 130 136 133 130 133 133 130 130 127 124 121 121 119 119 107 107 107 99 96 90 82 70 68 53 39 11 0 0 0 0 0 0 0 0 0 0 0 0 0 0 0 0 0 0 0 0 0 0 0 0 0 0 0 0 0 0 0 0 0 0 0 0 0 0 
0 0 0 0 0 0 0 0 0 0 0 0 0 0 0 0 0 0 0 0 0 0 0 0 0 0 0 0 0 0 0 0 0 0 0 0 0 0 8 17 28 39 48 59 70 79 87 90 87 87 90 87 87 90 87 87 90 90 87 87 90 87 87 90 87 87 90 87 87 87 90 85 76 65 53 45 36 22 14 5 0 0 0 0 0 0 0 0 0 0 0 0 0 0 0 5 36 51 65 70 79 90 90 99 107 107 107 116 121 121 124 124 127 130 130 133 133 133 133 133 133 133 133 130 130 127 127 124 121 121 113 110 110 104 99 93 90 82 73 65 53 42 11 0 0 0 0 0 0 0 0 0 0 0 0 0 0 0 0 0 0 0 0 0 0 0 0 0 0 0 0 0 0 0 0 0 0 0 0 0 
0 0 0 0 0 0 0 0 0 0 0 0 0 0 0 0 0 0 0 0 0 0 0 0 0 0 0 0 0 0 0 0 0 0 0 0 0 8 17 28 39 48 59 70 82 87 87 87 87 87 90 87 87 87 87 87 87 90 87 87 87 87 87 87 90 87 87 87 87 87 87 79 65 56 45 34 22 14 2 0 0 0 0 0 0 0 0 0 0 0 0 0 0 0 0 0 5 36 53 59 73 79 87 93 99 102 110 113 113 119 121 124 124 127 130 130 133 133 133 130 133 133 133 130 130 130 127 127 124 121 119 116 113 107 102 102 93 90 79 76 65 56 36 11 0 0 0 0 0 0 0 0 0 0 0 0 0 0 0 0 0 0 0 0 0 0 0 0 0 0 0 0 0 0 0 0 0 0 0 0 
0 0 0 0 0 0 0 0 0 0 0 0 0 0 0 0 0 0 0 0 0 0 0 0 0 0 0 0 0 0 0 0 0 0 0 0 5 17 28 39 51 62 70 85 87 87 87 87 87 87 87 87 87 87 90 87 87 87 87 87 87 87 87 87 87 87 87 87 87 87 79 70 59 45 34 25 14 0 0 0 0 0 0 0 0 0 0 0 0 0 0 0 0 0 0 0 0 5 34 53 62 73 79 87 96 102 102 107 116 116 116 119 124 127 127 127 133 133 133 133 133 133 130 133 133 133 127 130 127 121 119 116 119 113 107 102 102 96 87 82 76 62 56 39 11 0 0 0 0 0 0 0 0 0 0 0 0 0 0 0 0 0 0 0 0 0 0 0 0 0 0 0 0 0 0 0 0 0 0 0 
0 0 0 0 0 0 0 0 0 0 0 0 0 0 0 0 0 0 0 0 0 0 0 0 0 0 0 0 0 0 0 0 0 0 0 2 14 25 36 51 62 73 85 87 87 87 87 87 87 87 87 87 87 87 87 87 87 87 87 87 87 87 87 87 87 87 87 87 87 85 73 59 48 36 25 11 0 0 0 0 0 0 0 0 0 0 0 0 0 0 0 0 0 0 0 0 0 0 11 36 53 65 76 79 87 96 99 104 107 113 116 119 121 124 124 130 127 130 130 136 136 130 130 136 136 130 130 130 130 124 124 121 119 116 113 107 104 99 96 87 79 76 65 53 39 11 0 0 0 0 0 0 0 0 0 0 0 0 0 0 0 0 0 0 0 0 0 0 0 0 0 0 0 0 0 0 0 0 0 0 
0 0 0 0 0 0 0 0 0 0 0 0 0 0 0 0 0 0 0 0 0 0 0 0 0 0 0 0 0 0 0 0 0 0 0 14 25 39 51 65 79 87 85 87 87 87 87 87 87 87 87 85 87 87 87 85 87 87 87 87 87 87 87 87 85 87 87 87 85 73 62 51 36 22 11 0 0 0 0 0 0 0 0 0 0 0 0 0 0 0 0 0 0 0 0 0 0 0 0 11 39 51 68 76 82 85 96 99 104 107 113 116 116 119 127 127 127 127 133 130 133 133 130 133 133 133 130 133 127 127 127 124 119 116 116 113 110 104 99 96 90 79 76 65 51 36 11 0 0 0 0 0 0 0 0 0 0 0 0 0 0 0 0 0 0 0 0 0 0 0 0 0 0 0 0 0 0 0 0 0 
0 0 0 0 0 0 0 0 0 0 0 0 0 0 0 0 0 0 0 0 0 0 0 0 0 0 0 0 0 0 0 0 0 0 11 25 39 51 65 82 87 87 85 87 87 87 85 85 87 87 87 85 85 87 87 87 85 87 87 87 87 85 87 87 87 85 85 87 79 68 51 36 22 11 0 0 0 0 0 0 0 0 0 0 0 0 0 0 0 0 0 0 0 0 0 0 0 0 0 0 11 42 51 62 76 82 90 93 99 104 110 116 113 119 119 124 127 127 130 130 133 133 133 133 133 133 133 133 130 130 127 127 124 119 116 116 113 110 104 99 93 87 82 76 62 51 36 8 0 0 0 0 0 0 0 0 0 0 0 0 0 0 0 0 0 0 0 0 0 0 0 0 0 0 0 0 0 0 0 0 
0 0 0 0 0 0 0 0 0 0 0 0 0 0 0 0 0 0 0 0 0 0 0 0 0 0 0 0 0 0 0 0 0 8 22 36 53 68 85 87 87 85 85 85 87 87 85 85 85 87 87 87 85 85 87 87 87 85 85 87 87 87 85 85 87 87 87 82 68 53 39 25 8 0 0 0 0 0 0 0 0 0 0 0 0 0 0 0 0 0 0 0 0 0 0 0 0 0 0 0 0 11 45 53 65 73 79 90 96 102 99 110 116 116 119 119 127 127 127 130 130 133 133 133 133 133 130 133 133 130 130 124 127 124 121 119 113 113 110 102 99 93 87 82 73 65 48 36 8 0 0 0 0 0 0 0 0 0 0 0 0 0 0 0 0 0 0 0 0 0 0 0 0 0 0 0 0 0 0 0 
0 0 0 0 0 0 0 0 0 0 0 0 0 0 0 0 0 0 0 0 0 0 0 0 0 0 0 0 0 0 0 0 2 22 36 53 70 85 87 87 87 85 85 85 87 87 87 85 85 85 87 87 85 85 85 87 87 87 85 85 85 87 87 87 85 85 85 73 56 39 22 5 0 0 0 0 0 0 0 0 0 0 0 0 0 0 0 0 0 0 0 0 0 0 0 0 0 0 0 0 0 0 14 42 53 68 76 79 87 96 102 107 110 110 113 119 121 127 124 127 130 133 133 133 130 133 133 133 133 133 127 127 127 127 124 121 116 113 113 110 102 99 90 85 82 73 62 48 36 5 0 0 0 0 0 0 0 0 0 0 0 0 0 0 0 0 0 0 0 0 0 0 0 0 0 0 0 0 0 0 
0 0 0 0 0 0 0 0 0 0 0 0 0 0 0 0 0 0 0 0 0 0 0 0 0 0 0 0 0 0 0 0 19 36 53 70 85 85 87 87 87 85 85 85 85 87 87 85 85 85 85 87 87 85 85 85 85 87 87 87 85 85 85 87 87 87 79 59 42 25 5 0 0 0 0 0 0 0 0 0 0 0 0 0 0 0 0 0 0 0 0 0 0 0 0 0 0 0 0 0 0 0 0 17 42 56 65 79 87 87 93 99 104 113 113 119 119 121 121 127 130 130 130 130 130 133 136 136 133 130 130 133 130 130 127 121 119 116 116 113 107 104 96 90 85 82 73 62 48 36 2 0 0 0 0 0 0 0 0 0 0 0 0 0 0 0 0 0 0 0 0 0 0 0 0 0 0 0 0 0 
0 0 0 0 0 0 0 0 0 0 0 0 0 0 0 0 0 0 0 0 0 0 0 0 0 0 0 0 0 0 0 14 34 53 73 85 85 85 87 87 85 85 85 85 85 87 87 85 85 85 85 85 87 87 87 85 85 85 85 85 87 87 85 85 85 85 65 45 25 2 0 0 0 0 0 0 0 0 0 0 0 0 0 0 0 0 0 0 0 0 0 0 0 0 0 0 0 0 0 0 0 0 0 0 25 42 59 65 76 85 90 96 104 104 110 110 116 121 124 124 127 127 130 130 133 133 136 133 133 130 130 133 133 130 127 121 121 119 119 113 113 107 104 96 90 85 79 73 62 45 34 2 0 0 0 0 0 0 0 0 0 0 0 0 0 0 0 0 0 0 0 0 0 0 0 0 0 0 0 0 
0 0 0 0 0 0 0 0 0 0 0 0 0 0 0 0 0 0 0 0 0 0 0 0 0 0 0 0 0 0 8 31 53 76 85 85 85 85 87 87 85 85 85 85 85 85 85 87 85 85 85 85 85 85 85 87 87 85 85 85 85 85 85 87 87 70 48 25 2 0 0 0 0 0 0 0 0 0 0 0 0 0 0 0 0 0 0 0 0 0 0 0 0 0 0 0 0 0 0 0 0 0 0 0 0 22 45 62 70 76 85 87 93 102 110 110 113 119 119 121 121 127 130 133 133 130 130 133 133 133 133 133 133 130 127 127 121 121 121 121 116 107 107 102 93 87 85 82 73 59 42 31 0 0 0 0 0 0 0 0 0 0 0 0 0 0 0 0 0 0 0 0 0 0 0 0 0 0 0 0 
0 0 0 0 0 0 0 0 0 0 0 0 0 0 0 0 0 0 0 0 0 0 0 0 0 0 0 0 0 0 28 53 82 85 85 85 85 85 85 87 85 85 85 85 85 85 85 85 87 87 85 85 85 85 85 85 85 85 87 85 85 85 85 85 82 53 28 0 0 0 0 0 0 0 0 0 0 0 0 0 0 0 0 0 0 0 0 0 0 0 0 0 0 0 0 0 0 0 0 0 0 0 0 0 0 0 34 42 59 68 85 90 90 93 102 107 107 113 116 124 124 127 124 130 130 130 130 133 133 136 136 130 130 130 130 130 124 124 124 124 119 113 107 107 102 93 87 87 82 70 59 42 25 0 0 0 0 0 0 0 0 0 0 0 0 0 0 0 0 0 0 0 0 0 0 0 0 0 0 0 
0 0 0 0 0 0 0 0 0 0 0 0 0 0 0 0 0 0 0 0 0 0 0 0 0 0 0 0 0 19 53 85 85 85 85 85 85 85 85 87 87 85 85 85 85 85 85 85 85 85 85 87 85 85 85 85 85 85 85 85 85 85 87 87 59 28 0 0 0 0 0 0 0 0 0 0 0 0 0 0 0 0 0 0 0 0 0 0 0 0 0 0 0 0 0 0 0 0 0 0 0 0 0 0 0 0 0 36 51 59 68 76 87 90 99 107 110 110 116 116 121 121 124 124 130 130 133 133 136 133 133 133 133 130 130 130 130 124 127 124 121 116 113 107 107 99 90 90 85 76 70 59 39 19 0 0 0 0 0 0 0 0 0 0 0 0 0 0 0 0 0 0 0 0 0 0 0 0 0 0 
0 0 0 0 0 0 0 0 0 0 0 0 0 0 0 0 0 0 0 0 0 0 0 0 0 0 0 0 8 51 85 85 85 85 85 85 85 85 85 85 85 87 85 85 85 85 85 85 85 85 85 85 85 85 85 87 85 85 85 85 85 85 85 73 31 0 0 0 0 0 0 0 0 0 0 0 0 0 0 0 0 0 0 0 0 0 0 0 0 0 0 0 0 0 0 0 0 0 0 0 0 0 0 0 0 0 0 2 36 56 65 70 76 85 90 99 104 107 110 116 119 121 124 127 127 130 130 130 133 133 133 133 133 133 130 130 130 130 127 124 121 119 116 110 107 104 99 96 90 85 76 68 59 36 17 0 0 0 0 0 0 0 0 0 0 0 0 0 0 0 0 0 0 0 0 0 0 0 0 0 
0 0 0 0 0 0 0 0 0 0 0 0 0 0 0 0 0 0 0 0 0 0 0 0 0 0 0 0 45 85 85 85 85 85 85 85 85 85 85 85 85 85 85 85 85 85 85 85 85 85 85 85 85 85 85 85 85 85 85 85 85 85 85 36 0 0 0 0 0 0 0 0 0 0 0 0 0 0 0 0 0 0 0 0 0 0 0 0 0 0 0 0 0 0 0 0 0 0 0 0 0 0 0 0 0 0 0 0 8 36 53 65 73 79 87 96 102 102 110 110 116 119 121 124 124 127 130 130 130 133 133 133 133 133 133 133 133 130 127 124 124 121 119 116 113 110 104 99 96 87 79 73 65 53 36 11 0 0 0 0 0 0 0 0 0 0 0 0 0 0 0 0 0 0 0 0 0 0 0 0 
0 0 0 0 0 0 0 0 0 0 0 0 0 0 0 0 0 0 0 0 0 0 0 0 0 0 0 34 85 85 85 85 85 85 85 85 85 85 85 85 85 85 85 85 85 85 85 87 85 85 85 85 85 85 85 85 85 85 85 85 85 85 51 0 0 0 0 0 0 0 0 0 0 0 0 0 0 0 0 0 0 0 0 0 0 0 0 0 0 0 0 0 0 0 0 0 0 0 0 0 0 0 0 0 0 0 0 0 0 22 36 53 65 73 79 87 96 99 102 107 113 116 119 121 124 127 127 127 130 133 133 136 133 133 133 133 133 130 127 127 127 124 121 119 116 113 107 102 99 96 87 79 73 65 53 36 2 0 0 0 0 0 0 0 0 0 0 0 0 0 0 0 0 0 0 0 0 0 0 0 
0 0 0 0 0 0 0 0 0 0 0 0 0 0 0 0 0 0 0 0 0 0 0 0 0 0 0 85 85 85 85 85 85 85 85 85 85 85 85 85 85 85 85 85 85 85 85 85 85 85 85 85 85 85 85 85 85 85 85 85 85 85 0 0 0 0 0 0 0 0 0 0 0 0 0 0 0 0 0 0 0 0 0 0 0 0 0 0 0 0 0 0 0 0 0 0 0 0 0 0 0 0 0 0 0 0 0 0 0 0 25 48 59 70 76 82 93 99 99 104 107 113 116 119 121 124 127 127 127 130 133 133 133 133 133 133 133 133 130 127 127 127 124 121 119 116 113 107 102 99 93 82 76 70 59 48 25 0 0 0 0 0 0 0 0 0 0 0 0 0 0 0 0 0 0 0 0 0 0 0 
