0 0 0 0 0 0 0 0 0 0 0 0 0 0 0 0 0 0 0 0 0 0 0 0 0 2 32 43 55 61 67 73 73 79 79 85 85 85 85 85 90 85 85 85 85 85 79 79 73 73 67 61 55 43 32 2 0 0 0 0 0 0 0 0 0 0 0 0 0 0 0 0 0 0 0 0 0 0 0 0 0 0 0 0 0 0 0 0 0 0 0 0 0 0 0 0 0 0 0 0 0 0 0 0 0 0 0 0 0 0 123 126 128 131 134 137 140 143 146 149 152 155 158 161 164 167 170 172 175 178 181 178 175 172 170 167 164 161 158 155 152 149 146 143 140 137 134 131 128 126 123 0 0 0 0 0 0 0 0 0 0 0 0 0 0 0 0 0 0 0 0 0 0 0 0 0 0 0 0 0 
0 0 0 0 0 0 0 0 0 0 0 0 0 0 0 0 0 0 0 0 0 0 0 0 2 32 43 55 61 67 73 73 79 79 85 85 85 85 85 90 85 85 85 85 85 79 79 73 73 67 61 55 43 32 2 0 0 0 0 0 0 0 0 0 0 0 0 0 0 0 0 0 0 0 0 0 0 0 0 0 0 0 0 0 0 0 0 0 0 0 0 0 0 0 0 0 0 0 0 0 0 0 0 0 0 0 0 0 0 2 29 128 131 134 137 140 143 146 149 152 155 158 161 164 167 170 172 175 178 181 178 175 172 170 167 164 161 158 155 152 149 146 143 140 137 134 131 128 126 123 120 93 0 0 0 0 0 0 0 0 0 0 0 0 0 0 0 0 0 0 0 0 0 0 0 0 0 0 0 0 
0 0 0 0 0 0 0 0 0 0 0 0 0 0 0 0 0 0 0 0 0 0 0 2 32 38 49 58 64 70 73 76 79 82 85 85 85 85 87 87 85 85 85 85 82 79 76 73 70 64 58 49 35 2 0 0 0 0 0 0 0 0 0 0 0 0 0 0 0 0 0 0 0 0 0 0 0 0 0 0 0 0 0 0 0 0 0 0 0 0 0 0 0 0 0 0 0 0 0 0 0 0 0 0 0 0 0 0 2 5 8 82 134 137 140 143 146 149 152 155 158 161 164 167 170 172 175 178 181 178 175 172 170 170 164 161 158 155 152 149 146 143 140 137 134 131 128 126 123 120 120 120 49 0 0 0 0 0 0 0 0 0 0 0 0 0 0 0 0 0 0 0 0 0 0 0 0 0 0 0 
0 0 0 0 0 0 0 0 0 0 0 0 0 0 0 0 0 0 0 0 0 0 2 17 38 49 58 64 70 73 76 79 82 85 85 85 85 87 87 85 85 85 85 82 79 76 73 70 64 58 49 38 17 0 0 0 0 0 0 0 0 0 0 0 0 0 0 0 0 0 0 0 0 0 0 0 0 0 0 0 0 0 0 0 0 0 0 0 0 0 0 0 0 0 0 0 0 0 0 0 0 0 0 0 0 0 0 0 2 5 11 41 99 140 143 146 149 152 155 161 161 164 167 170 172 175 178 181 178 175 172 170 167 164 161 158 158 152 152 146 143 140 137 134 131 128 126 126 123 120 120 120 90 35 0 0 0 0 0 0 0 0 0 0 0 0 0 0 0 0 0 0 0 0 0 0 0 0 0 0 
0 0 0 0 0 0 0 0 0 0 0 0 0 0 0 0 0 0 0 0 0 0 8 38 49 58 64 70 70 76 76 82 82 85 85 85 87 85 90 85 85 85 82 82 76 76 70 64 58 49 38 23 2 0 0 0 0 0 0 0 0 0 0 0 0 0 0 0 0 0 0 0 0 0 0 0 0 0 0 0 0 0 0 0 0 0 0 0 0 0 0 0 0 0 0 0 0 0 0 0 0 0 0 0 0 0 0 2 5 8 11 23 70 114 146 149 152 155 158 161 164 167 170 172 178 181 181 178 175 172 170 167 164 161 158 155 152 149 149 143 140 140 134 131 131 128 126 123 120 120 120 120 111 67 26 0 0 0 0 0 0 0 0 0 0 0 0 0 0 0 0 0 0 0 0 0 0 0 0 0 
0 0 0 0 0 0 0 0 0 0 0 0 0 0 0 0 0 0 0 0 0 2 38 46 52 61 67 70 76 76 82 82 85 85 85 87 87 87 85 85 85 82 82 76 76 70 67 64 52 41 26 2 0 0 0 0 0 0 0 0 0 0 0 0 0 0 0 0 0 0 0 0 0 0 0 0 0 0 0 0 0 0 0 0 0 0 0 0 0 0 0 0 0 0 0 0 0 0 0 0 0 0 0 0 0 0 2 5 8 11 14 17 52 87 126 152 158 158 161 167 170 172 175 178 181 178 175 175 170 170 167 167 164 158 155 152 149 146 143 143 137 134 137 134 128 126 123 120 120 120 120 120 120 87 55 20 0 0 0 0 0 0 0 0 0 0 0 0 0 0 0 0 0 0 0 0 0 0 0 0 
0 0 0 0 0 0 0 0 0 0 0 0 0 0 0 0 0 0 0 0 2 29 43 52 61 70 70 76 76 82 82 82 85 85 87 87 85 87 85 85 82 82 79 76 73 67 61 52 43 35 5 0 0 0 0 0 0 0 0 0 0 0 0 0 0 0 0 0 0 0 0 0 0 0 0 0 0 0 0 0 0 0 0 0 0 0 0 0 0 0 0 0 0 0 0 0 0 0 0 0 0 0 0 0 0 2 5 8 11 14 17 23 41 70 102 134 161 161 164 167 175 175 178 181 181 178 172 170 167 167 167 161 158 155 155 152 146 143 140 137 134 134 131 131 128 126 120 120 120 120 120 120 120 99 73 41 14 0 0 0 0 0 0 0 0 0 0 0 0 0 0 0 0 0 0 0 0 0 0 0 
0 0 0 0 0 0 0 0 0 0 0 0 0 0 0 0 0 0 0 2 17 43 52 58 64 70 76 76 79 82 82 85 85 87 87 85 87 85 85 82 82 82 79 73 67 64 55 46 38 14 0 0 0 0 0 0 0 0 0 0 0 0 0 0 0 0 0 0 0 0 0 0 0 0 0 0 0 0 0 0 0 0 0 0 0 0 0 0 0 0 0 0 0 0 0 0 0 0 0 0 0 0 0 0 2 5 8 14 14 17 20 26 35 61 87 120 143 167 170 172 178 181 181 181 175 172 170 167 167 167 161 161 155 152 149 146 146 143 140 137 134 131 128 126 126 123 123 120 120 120 120 120 123 108 85 58 35 11 0 0 0 0 0 0 0 0 0 0 0 0 0 0 0 0 0 0 0 0 0 0 
0 0 0 0 0 0 0 0 0 0 0 0 0 0 0 0 0 0 0 14 41 46 55 64 67 76 79 79 82 82 82 85 87 87 85 85 87 85 82 85 82 76 73 67 64 55 52 46 17 0 0 0 0 0 0 0 0 0 0 0 0 0 0 0 0 0 0 0 0 0 0 0 0 0 0 0 0 0 0 0 0 0 0 0 0 0 0 0 0 0 0 0 0 0 0 0 0 0 0 0 0 0 0 0 2 8 11 14 17 20 26 32 32 55 79 102 131 155 178 175 178 181 178 178 175 175 167 164 161 161 158 158 158 149 146 143 140 137 140 137 134 128 126 123 120 123 123 123 120 120 120 120 123 114 93 70 49 29 8 0 0 0 0 0 0 0 0 0 0 0 0 0 0 0 0 0 0 0 0 0 
0 0 0 0 0 0 0 0 0 0 0 0 0 0 0 0 0 0 8 32 46 55 64 64 70 76 82 79 82 82 85 87 87 87 85 87 85 82 85 82 79 73 70 64 61 58 43 26 2 0 0 0 0 0 0 0 0 0 0 0 0 0 0 0 0 0 0 0 0 0 0 0 0 0 0 0 0 0 0 0 0 0 0 0 0 0 0 0 0 0 0 0 0 0 0 0 0 0 0 0 0 0 0 2 8 11 14 17 23 26 29 32 35 49 79 96 117 140 161 181 184 181 178 172 170 167 170 167 161 161 155 152 149 152 146 143 137 137 134 134 131 128 123 120 120 123 123 123 120 120 120 120 123 120 102 79 61 43 23 5 0 0 0 0 0 0 0 0 0 0 0 0 0 0 0 0 0 0 0 0 
0 0 0 0 0 0 0 0 0 0 0 0 0 0 0 0 0 2 23 43 55 58 64 70 73 82 82 82 82 82 87 87 87 85 85 87 85 85 82 79 73 70 67 64 55 46 32 8 0 0 0 0 0 0 0 0 0 0 0 0 0 0 0 0 0 0 0 0 0 0 0 0 0 0 0 0 0 0 0 0 0 0 0 0 0 0 0 0 0 0 0 0 0 0 0 0 0 0 0 0 0 0 2 5 11 14 17 20 26 29 32 38 41 49 70 87 111 134 152 167 178 175 175 172 170 167 164 158 158 158 155 152 146 143 143 140 140 137 131 128 128 126 123 123 120 120 123 123 123 120 120 123 123 123 105 87 70 52 38 20 2 0 0 0 0 0 0 0 0 0 0 0 0 0 0 0 0 0 0 0 
0 0 0 0 0 0 0 0 0 0 0 0 0 0 0 0 0 17 41 46 61 67 67 70 76 82 82 82 82 87 87 87 87 85 87 85 85 82 79 76 73 70 64 58 46 41 17 0 0 0 0 0 0 0 0 0 0 0 0 0 0 0 0 0 0 0 0 0 0 0 0 0 0 0 0 0 0 0 0 0 0 0 0 0 0 0 0 0 0 0 0 0 0 0 0 0 0 0 0 0 0 2 5 14 14 17 20 23 32 32 35 41 43 49 64 87 108 128 140 149 164 175 172 172 164 164 161 158 158 152 149 149 146 143 140 134 137 134 131 128 123 123 123 123 123 120 123 123 123 123 120 123 123 123 111 93 79 61 46 32 14 0 0 0 0 0 0 0 0 0 0 0 0 0 0 0 0 0 0 0 
0 0 0 0 0 0 0 0 0 0 0 0 0 0 0 0 11 35 46 52 61 70 70 76 82 82 82 82 85 87 87 87 85 85 87 85 82 79 76 76 70 64 58 49 46 26 0 0 0 0 0 0 0 0 0 0 0 0 0 0 0 0 0 0 0 0 0 0 0 0 0 0 0 0 0 0 0 0 0 0 0 0 0 0 0 0 0 0 0 0 0 0 0 0 0 0 0 0 0 0 2 5 8 14 17 20 29 29 32 35 43 43 46 52 70 87 99 111 126 140 149 158 167 167 167 161 158 155 155 155 149 146 143 140 140 137 131 131 128 126 123 120 123 123 123 123 123 123 123 123 123 123 123 123 114 96 85 70 55 41 26 11 0 0 0 0 0 0 0 0 0 0 0 0 0 0 0 0 0 0 
0 0 0 0 0 0 0 0 0 0 0 0 0 0 0 2 29 43 49 58 70 70 76 76 82 82 85 85 85 87 87 87 85 87 87 82 79 76 76 73 67 58 55 49 29 8 0 0 0 0 0 0 0 0 0 0 0 0 0 0 0 0 0 0 0 0 0 0 0 0 0 0 0 0 0 0 0 0 0 0 0 0 0 0 0 0 0 0 0 0 0 0 0 0 0 0 0 0 0 0 5 8 11 17 20 26 29 32 41 41 43 52 55 55 64 82 96 102 114 123 137 149 158 164 161 161 155 152 152 152 146 143 140 143 140 134 131 128 126 123 123 123 123 123 123 123 126 123 123 123 123 123 123 123 117 99 87 76 61 49 35 20 8 0 0 0 0 0 0 0 0 0 0 0 0 0 0 0 0 0 
0 0 0 0 0 0 0 0 0 0 0 0 0 0 0 20 38 52 58 58 70 76 76 76 82 82 87 82 87 87 87 87 85 87 82 82 79 76 76 67 58 58 52 35 20 0 0 0 0 0 0 0 0 0 0 0 0 0 0 0 0 0 0 0 0 0 0 0 0 0 0 0 0 0 0 0 0 0 0 0 0 0 0 0 0 0 0 0 0 0 0 0 0 0 0 0 0 0 0 5 8 11 20 20 23 32 35 38 41 49 52 52 61 64 64 73 85 96 105 114 123 134 146 155 158 158 155 155 149 146 146 143 137 137 137 134 128 126 126 126 123 123 123 126 123 123 123 126 123 123 123 126 123 123 117 105 90 79 67 55 41 29 17 5 0 0 0 0 0 0 0 0 0 0 0 0 0 0 0 0 
0 0 0 0 0 0 0 0 0 0 0 0 0 0 14 29 46 55 61 64 73 76 79 82 82 87 85 85 87 87 87 85 85 85 82 79 79 76 70 64 61 55 41 29 5 0 0 0 0 0 0 0 0 0 0 0 0 0 0 0 0 0 0 0 0 0 0 0 0 0 0 0 0 0 0 0 0 0 0 0 0 0 0 0 0 0 0 0 0 0 0 0 0 0 0 0 0 0 5 8 14 17 20 23 32 32 38 43 46 49 58 61 61 61 58 67 76 87 96 105 111 123 134 140 149 155 152 149 149 146 143 137 140 134 134 128 128 123 123 126 126 123 123 126 126 123 123 126 123 123 126 126 123 123 120 108 96 85 73 61 49 38 26 11 2 0 0 0 0 0 0 0 0 0 0 0 0 0 0 0 
0 0 0 0 0 0 0 0 0 0 0 0 0 0 29 38 52 58 64 70 76 76 79 85 85 85 85 90 87 87 85 85 85 82 82 79 76 73 64 64 55 46 35 17 0 0 0 0 0 0 0 0 0 0 0 0 0 0 0 0 0 0 0 0 0 0 0 0 0 0 0 0 0 0 0 0 0 0 0 0 0 0 0 0 0 0 0 0 0 0 0 0 0 0 0 0 0 2 8 14 17 20 29 29 32 41 41 46 52 58 58 64 61 55 55 61 73 76 87 96 102 111 126 131 137 143 152 149 143 143 143 137 134 134 131 126 126 126 126 123 126 126 123 126 126 126 123 126 126 123 126 126 126 123 120 111 96 87 76 67 52 43 32 20 8 0 0 0 0 0 0 0 0 0 0 0 0 0 0 0 
0 0 0 0 0 0 0 0 0 0 0 0 0 14 35 46 52 64 64 73 76 79 79 87 82 85 87 90 87 85 87 85 85 85 79 76 73 67 64 55 52 38 29 0 0 0 0 0 0 0 0 0 0 0 0 0 0 0 0 0 0 0 0 0 0 0 0 0 0 0 0 0 0 0 0 0 0 0 0 0 0 0 0 0 0 0 0 0 0 0 0 0 0 0 0 0 2 5 11 17 23 26 29 38 41 41 49 55 58 64 61 58 58 55 49 55 64 73 79 87 93 105 111 120 126 134 143 149 143 140 137 137 134 128 128 126 126 126 126 126 126 126 126 123 126 126 126 126 126 126 126 126 126 126 123 111 99 90 82 70 58 49 41 26 17 8 0 0 0 0 0 0 0 0 0 0 0 0 0 0 
0 0 0 0 0 0 0 0 0 0 0 0 5 29 43 55 55 64 73 73 79 79 82 85 85 85 87 90 87 87 87 82 87 82 76 76 76 64 61 55 43 35 8 0 0 0 0 0 0 0 0 0 0 0 0 0 0 0 0 0 0 0 0 0 0 0 0 0 0 0 0 0 0 0 0 0 0 0 0 0 0 0 0 0 0 0 0 0 0 0 0 0 0 0 0 2 8 11 14 23 26 32 38 38 46 49 55 61 64 61 58 58 55 52 49 46 61 67 70 79 87 96 102 111 117 126 134 143 140 137 137 134 131 128 126 126 126 126 126 126 126 126 126 126 126 126 126 126 126 126 126 126 126 128 123 114 105 93 85 76 61 52 43 32 23 14 2 0 0 0 0 0 0 0 0 0 0 0 0 0 
0 0 0 0 0 0 0 0 0 0 0 0 20 35 49 55 61 70 73 76 79 79 87 85 85 85 90 90 85 87 82 85 82 76 76 76 67 64 58 49 38 20 0 0 0 0 0 0 0 0 0 0 0 0 0 0 0 0 0 0 0 0 0 0 0 0 0 0 0 0 0 0 0 0 0 0 0 0 0 0 0 0 0 0 0 0 0 0 0 0 0 0 0 0 2 8 11 14 23 26 32 38 43 46 52 55 61 64 61 58 55 55 52 49 46 46 52 58 67 70 79 90 93 102 111 117 123 131 134 134 140 131 128 128 126 128 128 126 128 126 126 128 126 126 128 126 126 128 126 126 128 126 126 128 123 114 105 93 85 79 67 58 49 38 29 20 8 0 0 0 0 0 0 0 0 0 0 0 0 0 
0 0 0 0 0 0 0 0 0 0 0 5 32 41 52 58 64 70 73 76 79 82 85 85 87 87 90 87 87 85 82 85 82 76 76 73 64 58 52 43 35 8 0 0 0 0 0 0 0 0 0 0 0 0 0 0 0 0 0 0 0 0 0 0 0 0 0 0 0 0 0 0 0 0 0 0 0 0 0 0 0 0 0 0 0 0 0 0 0 0 0 0 0 0 8 11 20 20 23 32 35 43 46 52 58 67 64 61 58 55 52 52 49 46 43 41 46 55 61 64 73 82 87 93 99 108 114 123 126 134 131 131 126 128 128 126 128 128 126 128 128 126 128 126 128 128 126 128 128 126 128 128 126 128 123 114 108 96 87 79 70 61 52 41 35 23 14 5 0 0 0 0 0 0 0 0 0 0 0 0 
0 0 0 0 0 0 0 0 0 0 0 20 38 46 58 61 67 73 76 76 85 82 85 85 87 87 87 87 85 85 82 85 79 76 73 67 61 61 46 38 23 0 0 0 0 0 0 0 0 0 0 0 0 0 0 0 0 0 0 0 0 0 0 0 0 0 0 0 0 0 0 0 0 0 0 0 0 0 0 0 0 0 0 0 0 0 0 0 0 0 0 0 0 8 11 20 20 29 32 38 43 49 52 61 64 64 61 58 58 52 49 49 46 43 38 38 43 46 55 61 67 76 79 82 93 99 105 111 114 126 131 128 128 128 128 128 126 128 128 128 128 128 128 128 126 128 128 128 128 126 128 128 128 128 126 117 108 96 90 82 73 64 55 46 38 29 20 11 2 0 0 0 0 0 0 0 0 0 0 0 
0 0 0 0 0 0 0 0 0 0 5 32 43 52 58 67 67 76 76 82 82 85 85 87 90 85 87 90 85 85 82 82 76 76 70 67 61 52 43 35 11 0 0 0 0 0 0 0 0 0 0 0 0 0 0 0 0 0 0 0 0 0 0 0 0 0 0 0 0 0 0 0 0 0 0 0 0 0 0 0 0 0 0 0 0 0 0 0 0 0 0 0 8 8 17 20 29 32 41 43 49 58 61 67 64 58 58 55 52 52 46 46 43 41 38 35 38 43 49 55 61 70 73 82 87 90 96 102 111 114 123 128 131 128 128 128 128 131 128 128 128 128 131 128 128 128 128 131 128 128 128 128 131 128 126 117 108 102 90 85 73 67 55 49 41 32 23 14 8 0 0 0 0 0 0 0 0 0 0 0 
0 0 0 0 0 0 0 0 0 0 17 38 43 58 58 70 70 76 79 85 82 85 85 87 90 87 87 87 85 85 82 79 76 70 70 64 58 46 41 23 0 0 0 0 0 0 0 0 0 0 0 0 0 0 0 0 0 0 0 0 0 0 0 0 0 0 0 0 0 0 0 0 0 0 0 0 0 0 0 0 0 0 0 0 0 0 0 0 0 0 0 8 8 17 20 29 35 41 49 49 58 61 64 61 61 58 55 55 49 46 43 43 41 38 35 32 35 41 43 52 55 64 64 73 82 82 90 93 105 108 114 126 128 131 128 131 131 128 131 128 131 128 131 131 128 131 128 131 128 131 131 128 131 128 126 117 108 102 93 85 76 70 58 52 46 35 29 20 11 5 0 0 0 0 0 0 0 0 0 0 
0 0 0 0 0 0 0 0 0 8 26 41 46 61 61 70 70 76 82 82 82 87 87 87 87 87 87 87 85 85 82 79 73 70 64 61 52 43 35 11 0 0 0 0 0 0 0 0 0 0 0 0 0 0 0 0 0 0 0 0 0 0 0 0 0 0 0 0 0 0 0 0 0 0 0 0 0 0 0 0 0 0 0 0 0 0 0 0 0 0 2 8 17 20 29 35 41 46 55 61 67 64 61 61 55 55 52 49 49 43 43 41 38 35 32 29 29 35 41 46 49 58 61 67 70 79 85 90 93 105 111 120 126 128 131 131 131 131 131 131 131 131 128 131 131 131 131 131 131 131 131 128 131 131 126 120 111 102 93 87 79 70 61 55 49 38 32 23 17 5 0 0 0 0 0 0 0 0 0 0 
0 0 0 0 0 0 0 0 0 17 35 43 52 64 64 70 73 82 79 85 85 87 87 87 87 87 87 87 85 82 82 79 70 70 64 58 46 43 26 0 0 0 0 0 0 0 0 0 0 0 0 0 0 0 0 0 0 0 0 0 0 0 0 0 0 0 0 0 0 0 0 0 0 0 0 0 0 0 0 0 0 0 0 0 0 0 0 0 0 2 8 17 20 29 35 43 46 58 61 67 67 61 61 58 55 49 49 46 46 41 41 38 35 32 32 29 26 32 35 43 43 52 55 64 67 70 76 82 90 96 108 114 123 128 134 131 134 131 134 131 131 131 131 131 131 131 131 131 131 134 131 134 131 134 126 120 111 105 93 87 79 73 64 58 52 41 35 26 20 11 5 0 0 0 0 0 0 0 0 0 
0 0 0 0 0 0 0 0 2 26 41 49 55 64 67 73 76 82 79 85 85 87 87 87 87 90 87 85 82 82 82 76 70 67 64 55 43 35 17 0 0 0 0 0 0 0 0 0 0 0 0 0 0 0 0 0 0 0 0 0 0 0 0 0 0 0 0 0 0 0 0 0 0 0 0 0 0 0 0 0 0 0 0 0 0 0 0 0 0 8 17 20 29 35 46 46 58 64 67 64 61 58 58 52 52 46 46 46 41 41 38 38 32 29 29 26 23 26 32 38 41 46 52 58 61 64 73 79 87 93 102 108 117 126 131 134 131 134 131 134 131 134 131 134 131 134 131 134 131 134 131 134 131 134 126 120 111 105 96 90 82 76 70 58 52 43 38 29 23 14 8 0 0 0 0 0 0 0 0 0 
0 0 0 0 0 0 0 0 11 32 43 52 61 67 70 73 82 79 82 85 87 87 85 87 85 90 87 87 82 79 79 73 70 67 61 49 43 29 8 0 0 0 0 0 0 0 0 0 0 0 0 0 0 0 0 0 0 0 0 0 0 0 0 0 0 0 0 0 0 0 0 0 0 0 0 0 0 0 0 0 0 0 0 0 0 0 0 0 8 17 23 29 38 46 55 61 67 67 64 64 58 55 55 52 49 46 43 43 38 38 35 35 29 29 26 23 20 23 29 35 35 43 46 55 55 64 70 79 85 90 96 105 111 120 126 134 134 134 134 134 134 134 134 134 134 134 134 134 134 134 134 134 134 134 128 120 114 105 99 90 85 76 70 61 55 46 38 32 23 17 8 2 0 0 0 0 0 0 0 0 
0 0 0 0 0 0 0 0 26 38 46 58 64 67 70 73 82 82 82 85 90 87 85 90 85 90 85 85 82 82 76 70 67 64 58 46 41 26 0 0 0 0 0 0 0 0 0 0 0 0 0 0 0 0 0 0 0 0 0 0 0 0 0 0 0 0 0 0 0 0 0 0 0 0 0 0 0 0 0 0 0 0 0 0 0 0 0 5 17 23 29 38 46 55 64 70 67 61 64 58 58 52 52 49 43 43 41 41 35 35 32 29 26 26 23 20 17 20 26 26 32 38 43 43 52 58 67 73 82 87 96 99 108 114 123 131 134 137 134 137 134 137 134 137 134 137 134 137 134 134 137 134 137 134 128 120 114 105 99 90 85 76 73 64 55 49 41 35 26 20 14 8 0 0 0 0 0 0 0 0 
0 0 0 0 0 0 0 2 32 43 49 58 64 67 73 76 79 82 85 87 90 87 90 87 87 87 85 85 79 79 73 67 67 61 52 46 32 14 0 0 0 0 0 0 0 0 0 0 0 0 0 0 0 0 0 0 0 0 0 0 0 0 0 0 0 0 0 0 0 0 0 0 0 0 0 0 0 0 0 0 0 0 0 0 0 0 8 14 26 29 38 49 55 67 67 67 64 61 58 55 52 49 49 46 43 41 41 38 32 32 29 26 23 23 20 17 14 11 20 20 29 35 35 43 49 58 64 70 76 85 93 99 105 111 120 126 134 134 137 137 137 137 137 137 137 137 134 137 137 137 137 137 137 134 126 120 114 105 99 90 87 79 73 64 55 52 43 38 29 23 17 11 2 0 0 0 0 0 0 0 
0 0 0 0 0 0 0 11 35 46 49 61 67 67 73 76 79 82 85 87 87 87 87 87 87 87 85 82 82 76 73 67 67 58 46 41 32 8 0 0 0 0 0 0 0 0 0 0 0 0 0 0 0 0 0 0 0 0 0 0 0 0 0 0 0 0 0 0 0 0 0 0 0 0 0 0 0 0 0 0 0 0 0 0 0 5 14 26 29 41 52 61 67 67 67 64 58 58 55 55 49 49 46 43 41 38 38 32 32 29 26 23 20 20 17 11 11 11 14 17 26 29 35 41 49 52 61 70 76 82 87 96 102 108 117 123 131 134 137 137 137 140 137 140 137 137 140 137 140 137 140 137 137 134 126 123 114 105 99 93 87 79 73 67 58 52 43 41 32 26 20 11 5 0 0 0 0 0 0 0 
0 0 0 0 0 0 0 23 35 46 55 61 67 70 76 76 82 85 87 87 90 87 87 87 87 87 85 82 79 76 70 67 64 55 46 41 26 2 0 0 0 0 0 0 0 0 0 0 0 0 0 0 0 0 0 0 0 0 0 0 0 0 0 0 0 0 0 0 0 0 0 0 0 0 0 0 0 0 0 0 0 0 0 0 2 11 26 35 43 55 64 73 67 67 64 61 58 55 55 52 46 46 43 41 38 35 35 29 29 26 23 20 17 17 14 8 8 5 14 11 20 29 32 41 46 52 61 67 73 79 87 93 99 108 111 120 128 131 140 137 140 140 140 140 137 140 140 140 140 137 140 140 140 134 126 120 114 108 99 93 87 79 76 67 58 55 46 41 35 26 20 14 8 0 0 0 0 0 0 0 
0 0 0 0 0 0 0 29 35 49 58 61 70 73 76 79 85 85 87 85 90 85 90 87 87 85 82 82 76 79 70 67 61 52 46 32 23 0 0 0 0 0 0 0 0 0 0 0 0 0 0 0 0 0 0 0 0 0 0 0 0 0 0 0 0 0 0 0 0 0 0 0 0 0 0 0 0 0 0 0 0 0 0 2 14 26 35 49 58 67 73 67 67 64 61 58 55 52 52 46 46 43 41 38 35 32 32 26 26 23 20 17 17 11 11 8 8 2 5 11 17 26 32 38 43 52 58 64 70 76 85 90 96 105 108 117 123 128 137 140 140 143 140 140 140 140 143 140 140 143 140 143 140 131 128 120 114 108 99 96 87 82 76 67 61 55 49 43 35 29 23 17 8 2 0 0 0 0 0 0 
0 0 0 0 0 0 8 29 43 52 58 64 70 76 76 79 85 85 85 85 90 85 90 87 85 87 85 79 76 76 70 64 58 52 43 32 8 0 0 0 0 0 0 0 0 0 0 0 0 0 0 0 0 0 0 0 0 0 0 0 0 0 0 0 0 0 0 0 0 0 0 0 0 0 0 0 0 0 0 0 0 0 2 14 23 35 49 58 73 70 67 67 64 58 61 55 52 52 49 43 43 41 38 35 32 29 29 23 23 20 17 17 14 8 8 5 2 0 5 11 17 26 29 38 43 49 55 64 70 76 82 87 96 99 108 114 120 126 134 140 143 143 143 143 143 143 143 140 143 143 140 143 140 131 128 120 117 108 102 96 87 82 76 70 61 58 49 43 38 32 23 20 11 5 0 0 0 0 0 0 
0 0 0 0 0 0 17 32 43 52 61 64 73 73 76 79 85 87 85 87 87 90 90 87 85 85 85 79 76 76 70 61 58 52 41 29 2 0 0 0 0 0 0 0 0 0 0 0 0 0 0 0 0 0 0 0 0 0 0 0 0 0 0 0 0 0 0 0 0 0 0 0 0 0 0 0 0 0 0 0 0 2 14 23 38 52 64 76 70 67 67 64 58 58 55 52 49 49 43 43 41 38 35 32 29 26 26 20 20 17 14 11 11 5 2 2 0 0 2 11 14 23 29 35 41 49 52 61 67 76 79 87 93 99 105 114 117 126 131 137 143 146 143 143 146 143 143 146 143 143 146 143 137 134 126 120 114 108 102 96 90 82 79 70 64 58 52 43 41 32 26 20 14 5 2 0 0 0 0 0 
0 0 0 0 0 0 26 38 46 55 58 64 76 76 79 82 87 87 85 87 87 90 87 87 85 85 82 79 73 76 67 61 55 52 38 26 2 0 0 0 0 0 0 0 0 0 0 0 0 0 0 0 0 0 0 0 0 0 0 0 0 0 0 0 0 0 0 0 0 0 0 0 0 0 0 0 0 0 0 0 0 11 26 41 52 70 73 70 67 67 64 61 58 55 52 49 46 46 41 41 38 35 32 29 26 23 23 20 17 14 11 8 8 2 0 0 0 0 5 8 17 23 29 35 41 46 52 61 67 73 79 85 90 96 105 108 117 123 128 134 140 146 146 146 146 146 146 146 149 146 146 146 140 134 126 123 114 108 105 96 90 82 79 70 64 61 52 46 41 35 26 20 17 8 2 0 0 0 0 0 
0 0 0 0 0 2 26 38 52 55 58 67 73 76 79 82 87 85 87 87 90 87 87 87 85 87 79 79 70 76 64 58 55 46 38 23 0 0 0 0 0 0 0 0 0 0 0 0 0 0 0 0 0 0 0 0 0 0 0 0 0 0 0 0 0 0 0 0 0 0 0 0 0 0 0 0 0 0 0 0 8 26 43 58 73 73 70 67 67 64 61 58 55 52 49 46 43 43 38 38 35 32 29 26 26 20 20 17 14 8 8 5 2 0 0 0 0 0 2 11 14 20 29 35 38 46 52 61 64 70 79 82 87 96 102 108 114 120 128 131 137 146 146 149 149 149 146 149 149 149 146 146 140 131 128 123 114 108 102 96 90 82 79 73 64 61 52 46 41 35 29 23 14 11 2 0 0 0 0 0 
0 0 0 0 0 8 32 41 52 55 61 70 73 73 79 82 85 85 87 90 90 87 87 87 85 85 82 76 76 73 64 55 55 43 32 17 0 0 0 0 0 0 0 0 0 0 0 0 0 0 0 0 0 0 0 0 0 0 0 0 0 0 0 0 0 0 0 0 0 0 0 0 0 0 0 0 0 0 0 8 26 43 64 76 73 70 70 67 61 58 61 55 52 49 49 43 41 41 38 35 32 29 23 23 23 17 14 14 11 5 2 5 0 0 0 0 0 0 2 8 14 23 26 32 41 46 49 58 64 70 76 82 87 93 99 105 111 120 126 128 137 143 149 149 149 152 152 149 149 152 152 146 137 134 128 120 114 111 102 96 90 85 79 73 64 58 55 49 41 35 32 23 17 11 5 0 0 0 0 0 
0 0 0 0 0 11 32 41 55 55 61 70 76 73 82 82 87 85 85 90 90 90 85 85 85 82 82 76 76 73 61 55 55 41 32 11 0 0 0 0 0 0 0 0 0 0 0 0 0 0 0 0 0 0 0 0 0 0 0 0 0 0 0 0 0 0 0 0 0 0 0 0 0 0 0 0 0 0 5 26 46 70 76 73 70 70 67 61 58 58 55 52 49 46 46 41 41 35 35 32 29 26 20 23 20 14 11 8 8 2 2 0 0 0 0 0 0 0 2 8 14 20 26 32 41 43 49 58 64 67 73 82 87 93 96 105 111 117 126 128 134 140 149 152 152 152 152 152 152 152 152 143 140 134 128 120 114 111 102 96 90 87 79 73 67 58 55 49 43 35 32 26 17 11 5 2 0 0 0 0 
0 0 0 0 0 14 32 46 52 55 64 70 76 76 82 85 87 85 87 90 87 90 87 87 85 82 79 76 73 70 61 55 52 41 29 11 0 0 0 0 0 0 0 0 0 0 0 0 0 0 0 0 0 0 0 0 0 0 0 0 0 0 0 0 0 0 0 0 0 0 0 0 0 0 0 0 0 2 26 52 76 76 73 73 67 64 64 58 58 55 52 49 46 46 41 38 38 32 29 29 26 23 20 17 17 11 8 5 2 2 0 0 0 0 0 0 0 0 0 8 14 20 26 32 38 43 49 58 61 67 73 79 87 90 96 102 111 117 123 126 134 140 146 152 152 155 155 155 155 152 152 146 140 134 126 120 117 111 102 96 90 87 79 73 67 61 55 49 43 38 32 23 20 14 8 0 0 0 0 0 
0 0 0 0 0 20 35 43 52 58 67 70 76 76 82 82 87 87 87 90 87 87 85 87 82 82 82 76 73 70 61 55 49 41 29 5 0 0 0 0 0 0 0 0 0 0 0 0 0 0 0 0 0 0 0 0 0 0 0 0 0 0 0 0 0 0 0 0 0 0 0 0 0 0 0 0 0 26 55 79 79 73 73 67 64 61 58 58 55 52 49 43 43 43 38 35 35 29 26 26 23 20 17 14 11 8 8 2 0 0 0 0 0 0 0 0 0 0 2 8 11 17 26 32 38 43 49 55 61 67 73 79 87 90 96 102 108 114 123 126 131 137 143 152 158 155 155 155 158 158 152 146 137 131 128 123 117 108 102 96 90 87 79 73 67 61 55 52 43 38 32 26 20 14 8 2 0 0 0 0 
0 0 0 0 0 20 35 46 52 58 67 70 73 76 82 82 87 85 87 87 87 90 87 87 82 85 79 79 70 67 61 55 49 41 26 2 0 0 0 0 0 0 0 0 0 0 0 0 0 0 0 0 0 0 0 0 0 0 0 0 0 0 0 0 0 0 0 0 0 0 0 0 0 0 0 0 23 67 82 79 73 70 70 64 61 61 58 55 52 49 46 41 43 41 35 32 32 26 23 20 20 17 14 11 8 5 2 0 0 0 0 0 0 0 0 0 0 0 0 5 14 20 26 32 35 41 49 55 61 67 73 79 82 90 96 102 108 114 120 126 131 137 143 149 155 161 161 158 158 158 149 143 137 134 128 123 114 108 102 96 93 87 82 73 67 61 55 49 46 41 32 26 20 14 8 5 0 0 0 0 
0 0 0 0 0 20 38 46 55 61 64 67 76 79 82 85 87 85 90 87 87 90 87 87 85 85 79 76 70 67 61 58 49 38 23 2 0 0 0 0 0 0 0 0 0 0 0 0 0 0 0 0 0 0 0 0 0 0 0 0 0 0 0 0 0 0 0 0 0 0 0 0 0 0 0 32 76 79 79 73 70 67 67 64 61 58 55 52 49 46 41 41 41 35 32 32 26 23 20 17 14 11 11 8 5 2 0 0 0 0 0 0 0 0 0 0 0 0 2 8 14 17 23 29 35 43 49 55 61 67 73 76 82 87 96 102 108 114 120 126 131 134 140 149 155 161 161 161 161 158 152 146 140 134 128 120 114 108 102 99 93 87 82 76 67 61 55 49 43 41 35 29 23 14 8 2 0 0 0 0 
0 0 0 0 0 20 38 46 52 61 64 70 76 79 79 85 85 87 90 87 87 90 87 85 85 79 79 76 70 67 64 55 46 38 23 0 0 0 0 0 0 0 0 0 0 0 0 0 0 0 0 0 0 0 0 0 0 0 0 0 0 0 0 0 0 0 0 0 0 0 0 0 0 0 20 82 79 76 76 73 70 67 64 61 58 55 52 49 46 43 38 38 38 32 29 29 23 20 17 14 11 8 8 2 0 0 0 0 0 0 0 0 0 0 0 0 0 0 0 5 11 17 26 32 38 43 49 55 61 64 70 76 82 87 93 99 108 114 120 126 131 137 143 149 152 158 164 164 164 158 152 143 137 131 126 120 114 108 105 99 93 87 82 76 70 61 55 49 43 38 32 26 20 17 11 5 0 0 0 0 
0 0 0 0 0 26 41 46 52 67 64 70 76 82 82 87 85 87 87 90 87 87 90 85 85 79 82 76 70 64 64 52 46 41 23 0 0 0 0 0 0 0 0 0 0 0 0 0 0 0 0 0 0 0 0 0 0 0 0 0 0 0 0 0 0 0 0 0 0 0 0 0 0 17 85 82 79 76 73 70 67 64 61 55 55 52 46 46 43 41 35 35 32 26 26 26 20 17 17 14 8 5 5 0 0 0 0 0 0 0 0 0 0 0 0 0 0 0 2 8 14 20 26 32 38 41 46 52 58 64 70 76 82 87 93 99 105 111 117 123 131 137 143 149 155 161 167 167 161 155 149 143 137 131 128 123 117 111 105 99 93 87 82 76 70 64 58 52 46 38 32 26 20 14 8 2 0 0 0 0 
0 0 0 0 0 23 41 46 52 64 64 70 76 82 82 87 82 87 87 87 87 87 87 82 87 82 82 76 70 64 64 52 46 41 23 0 0 0 0 0 0 0 0 0 0 0 0 0 0 0 0 0 0 0 0 0 0 0 0 0 0 0 0 0 0 0 0 0 0 0 0 0 20 82 82 79 73 73 70 64 64 61 58 52 52 49 43 43 41 35 32 32 29 23 23 20 14 14 11 8 2 2 0 0 0 0 0 0 0 0 0 0 0 0 0 0 0 0 0 5 11 17 23 29 35 41 46 52 58 64 70 76 82 87 93 99 105 111 117 123 128 134 140 146 152 158 164 170 164 158 152 146 140 134 128 123 117 111 105 99 93 87 82 76 70 64 58 52 46 41 35 29 23 17 11 5 0 0 0 0 
0 0 0 0 0 26 41 46 52 67 64 70 76 82 82 87 85 87 87 90 87 87 90 85 85 79 82 76 70 64 64 52 46 41 23 0 0 0 0 0 0 0 0 0 0 0 0 0 0 0 0 0 0 0 0 0 0 0 0 0 0 0 0 0 0 0 0 0 0 0 0 29 85 82 82 76 73 73 67 64 61 58 52 49 49 46 41 41 38 32 32 29 26 20 20 17 11 11 8 5 2 0 0 0 0 0 0 0 0 0 0 0 0 0 0 0 0 0 2 8 14 20 26 32 38 41 46 52 58 64 70 76 82 87 93 99 105 111 117 123 131 137 143 149 155 161 167 167 161 155 149 143 137 131 128 123 117 111 105 99 93 87 82 76 70 64 58 52 46 38 32 26 20 14 8 2 0 0 0 0 
0 0 0 0 0 20 38 46 52 61 64 70 76 79 79 85 85 87 90 87 87 90 87 85 85 79 79 76 70 67 64 55 46 38 23 0 0 0 0 0 0 0 0 0 0 0 0 0 0 0 0 0 0 0 0 0 0 0 0 0 0 0 0 0 0 0 0 0 0 0 35 85 82 79 76 73 70 70 64 61 58 55 52 46 46 41 38 38 35 29 29 26 23 20 17 14 11 5 2 0 0 0 0 0 0 0 0 0 0 0 0 0 0 0 0 0 0 0 0 5 11 17 26 32 38 43 49 55 61 64 70 76 82 87 93 99 108 114 120 126 131 137 143 149 152 158 164 164 164 158 152 143 137 131 126 120 114 108 105 99 93 87 82 76 70 61 55 49 43 38 32 26 20 17 11 5 0 0 0 0 
0 0 0 0 0 20 38 46 55 61 64 67 76 79 82 85 87 85 90 87 87 90 87 87 85 85 79 76 70 67 61 58 49 38 23 2 0 0 0 0 0 0 0 0 0 0 0 0 0 0 0 0 0 0 0 0 0 0 0 0 0 0 0 0 0 0 0 0 0 35 87 85 82 79 73 70 67 64 61 58 55 52 49 43 43 38 35 35 32 26 26 23 17 14 11 8 5 2 0 0 0 0 0 0 0 0 0 0 0 0 0 0 0 0 0 0 0 0 2 8 14 17 23 29 35 43 49 55 61 67 73 76 82 87 96 102 108 114 120 126 131 134 140 149 155 161 161 161 161 158 152 146 140 134 128 120 114 108 102 99 93 87 82 76 67 61 55 49 43 41 35 29 23 14 8 2 0 0 0 0 
0 0 0 0 0 20 35 46 52 58 67 70 73 76 82 82 87 85 87 87 87 90 87 87 82 85 79 79 70 67 61 55 49 41 26 2 0 0 0 0 0 0 0 0 0 0 0 0 0 0 0 0 0 0 0 0 0 0 0 0 0 0 0 0 0 0 0 2 46 82 85 79 79 76 73 70 64 61 58 55 52 49 46 43 38 35 35 32 26 26 20 17 14 11 8 5 0 0 0 0 0 0 0 0 0 0 0 0 0 0 0 0 0 0 0 0 0 0 0 5 14 20 26 32 35 41 49 55 61 67 73 79 82 90 96 102 108 114 120 126 131 137 143 149 155 161 161 158 158 158 149 143 137 134 128 123 114 108 102 96 93 87 82 73 67 61 55 49 46 41 32 26 20 14 8 5 0 0 0 0 
0 0 0 0 0 20 35 43 52 58 67 70 76 76 82 82 87 87 87 90 87 87 85 87 82 82 82 76 73 70 61 55 49 41 29 5 0 0 0 0 0 0 0 0 0 0 0 0 0 0 0 0 0 0 0 0 0 0 0 0 0 0 0 0 0 0 8 43 76 85 82 79 73 73 67 67 64 58 55 52 49 46 41 41 35 32 32 29 20 20 17 14 11 5 2 0 0 0 0 0 0 0 0 0 0 0 0 0 0 0 0 0 0 0 0 0 0 0 2 8 11 17 26 32 38 43 49 55 61 67 73 79 87 90 96 102 108 114 123 126 131 137 143 152 158 155 155 155 158 158 152 146 137 131 128 123 117 108 102 96 90 87 79 73 67 61 55 52 43 38 32 26 20 14 8 2 0 0 0 0 
0 0 0 0 0 14 32 46 52 55 64 70 76 76 82 85 87 85 87 90 87 90 87 87 85 82 79 76 73 70 61 55 52 41 29 11 0 0 0 0 0 0 0 0 0 0 0 0 0 0 0 0 0 0 0 0 0 0 0 0 0 0 0 0 0 17 43 67 87 82 79 76 73 67 64 64 61 58 52 49 46 43 38 38 32 29 26 23 20 17 11 8 5 5 0 0 0 0 0 0 0 0 0 0 0 0 0 0 0 0 0 0 0 0 0 0 0 0 0 8 14 20 26 32 38 43 49 58 61 67 73 79 87 90 96 102 111 117 123 126 134 140 146 152 152 155 155 155 155 152 152 146 140 134 126 120 117 111 102 96 90 87 79 73 67 61 55 49 43 38 32 23 20 14 8 0 0 0 0 0 
0 0 0 0 0 11 32 41 55 55 61 70 76 73 82 82 87 85 85 90 90 90 85 85 85 82 82 76 76 73 61 55 55 41 32 11 0 0 0 0 0 0 0 0 0 0 0 0 0 0 0 0 0 0 0 0 0 0 0 0 0 0 0 2 17 43 67 85 85 82 73 73 70 67 61 61 58 52 49 46 43 38 35 35 29 26 23 20 14 11 8 5 0 0 0 0 0 0 0 0 0 0 0 0 0 0 0 0 0 0 0 0 0 0 0 0 0 0 2 8 14 20 26 32 41 43 49 58 64 67 73 82 87 93 96 105 111 117 126 128 134 140 149 152 152 152 152 152 152 152 152 143 140 134 128 120 114 111 102 96 90 87 79 73 67 58 55 49 43 35 32 26 17 11 5 2 0 0 0 0 
0 0 0 0 0 8 32 41 52 55 61 70 73 73 79 82 85 85 87 90 90 87 87 87 85 85 82 76 76 73 64 55 55 43 32 17 0 0 0 0 0 0 0 0 0 0 0 0 0 0 0 0 0 0 0 0 0 0 0 0 0 0 2 20 43 64 85 85 82 76 73 70 67 64 58 58 52 46 46 43 38 35 35 29 23 23 20 14 11 11 2 0 0 0 0 0 0 0 0 0 0 0 0 0 0 0 0 0 0 0 0 0 0 0 0 0 0 0 2 8 14 23 26 32 41 46 49 58 64 70 76 82 87 93 99 105 111 120 126 128 137 143 149 149 149 152 152 149 149 152 152 146 137 134 128 120 114 111 102 96 90 85 79 73 64 58 55 49 41 35 32 23 17 11 5 0 0 0 0 0 
0 0 0 0 0 2 26 38 52 55 58 67 73 76 79 82 87 85 87 87 90 87 87 87 85 87 79 79 70 76 64 58 55 46 38 23 0 0 0 0 0 0 0 0 0 0 0 0 0 0 0 0 0 0 0 0 0 0 0 0 0 5 26 41 64 82 82 82 79 73 70 70 64 61 55 55 49 43 43 41 35 32 29 23 20 17 14 11 5 5 0 0 0 0 0 0 0 0 0 0 0 0 0 0 0 0 0 0 0 0 0 0 0 0 0 0 0 0 2 11 14 20 29 35 38 46 52 61 64 70 79 82 87 96 102 108 114 120 128 131 137 146 146 149 149 149 146 149 149 149 146 146 140 131 128 123 114 108 102 96 90 82 79 73 64 61 52 46 41 35 29 23 14 11 2 0 0 0 0 0 
0 0 0 0 0 0 26 38 46 55 58 64 76 76 79 82 87 87 85 87 87 90 87 87 85 85 82 79 73 76 67 61 55 52 38 26 2 0 0 0 0 0 0 0 0 0 0 0 0 0 0 0 0 0 0 0 0 0 0 0 11 26 43 58 82 85 82 79 76 73 67 67 61 58 52 49 46 41 41 35 32 26 26 20 17 14 8 5 2 0 0 0 0 0 0 0 0 0 0 0 0 0 0 0 0 0 0 0 0 0 0 0 0 0 0 0 0 0 5 8 17 23 29 35 41 46 52 61 67 73 79 85 90 96 105 108 117 123 128 134 140 146 146 146 146 146 146 146 149 146 146 146 140 134 126 123 114 108 105 96 90 82 79 70 64 61 52 46 41 35 26 20 17 8 2 0 0 0 0 0 
0 0 0 0 0 0 17 32 43 52 61 64 73 73 76 79 85 87 85 87 87 90 90 87 85 85 85 79 76 76 70 61 58 52 41 29 2 0 0 0 0 0 0 0 0 0 0 0 0 0 0 0 0 0 0 0 0 0 2 11 29 41 55 76 87 85 79 79 73 70 64 64 55 55 49 46 41 41 35 32 26 23 20 14 11 8 5 0 0 0 0 0 0 0 0 0 0 0 0 0 0 0 0 0 0 0 0 0 0 0 0 0 0 0 0 0 0 0 2 11 14 23 29 35 41 49 52 61 67 76 79 87 93 99 105 114 117 126 131 137 143 146 143 143 146 143 143 146 143 143 146 143 137 134 126 120 114 108 102 96 90 82 79 70 64 58 52 43 41 32 26 20 14 5 2 0 0 0 0 0 
0 0 0 0 0 0 8 29 43 52 58 64 70 76 76 79 85 85 85 85 90 85 90 87 85 87 85 79 76 76 70 64 58 52 43 32 8 0 0 0 0 0 0 0 0 0 0 0 0 0 0 0 0 0 0 0 0 0 8 29 43 55 73 87 85 82 76 76 70 67 61 58 52 52 46 43 38 35 32 26 23 20 17 11 8 5 0 0 0 0 0 0 0 0 0 0 0 0 0 0 0 0 0 0 0 0 0 0 0 0 0 0 0 0 0 0 0 0 5 11 17 26 29 38 43 49 55 64 70 76 82 87 96 99 108 114 120 126 134 140 143 143 143 143 143 143 143 140 143 143 140 143 140 131 128 120 117 108 102 96 87 82 76 70 61 58 49 43 38 32 23 20 11 5 0 0 0 0 0 0 
0 0 0 0 0 0 0 29 35 49 58 61 70 73 76 79 85 85 87 85 90 85 90 87 87 85 82 82 76 79 70 67 61 52 46 32 23 0 0 0 0 0 0 0 0 0 0 0 0 0 0 0 0 0 0 0 2 14 26 43 58 70 82 87 85 79 76 73 64 64 58 55 49 46 43 38 35 32 26 23 17 17 11 5 2 0 0 0 0 0 0 0 0 0 0 0 0 0 0 0 0 0 0 0 0 0 0 0 0 0 0 0 0 0 0 0 0 0 5 11 17 26 32 38 43 52 58 64 70 76 85 90 96 105 108 117 123 128 137 140 140 143 140 140 140 140 143 140 140 143 140 143 140 131 128 120 114 108 99 96 87 82 76 67 61 55 49 43 35 29 23 17 8 2 0 0 0 0 0 0 
0 0 0 0 0 0 0 23 35 46 55 61 67 70 76 76 82 85 87 87 90 87 87 87 87 87 85 82 79 76 70 67 64 55 46 41 26 2 0 0 0 0 0 0 0 0 0 0 0 0 0 0 0 0 0 8 20 32 41 55 64 79 87 85 79 76 73 67 61 61 55 49 46 43 38 35 29 26 23 17 14 11 5 0 0 0 0 0 0 0 0 0 0 0 0 0 0 0 0 0 0 0 0 0 0 0 0 0 0 0 0 0 0 0 0 0 0 0 8 11 20 29 32 41 46 52 61 67 73 79 87 93 99 108 111 120 128 131 140 137 140 140 140 140 137 140 140 140 140 137 140 140 140 134 126 120 114 108 99 93 87 79 76 67 58 55 46 41 35 26 20 14 8 0 0 0 0 0 0 0 
0 0 0 0 0 0 0 11 35 46 49 61 67 67 73 76 79 82 85 87 87 87 87 87 87 87 85 82 82 76 73 67 67 58 46 41 32 8 0 0 0 0 0 0 0 0 0 0 0 0 0 0 0 0 8 17 29 41 49 64 76 87 87 82 76 73 70 64 58 58 52 46 41 41 35 29 26 23 17 11 8 5 0 0 0 0 0 0 0 0 0 0 0 0 0 0 0 0 0 0 0 0 0 0 0 0 0 0 0 0 0 0 0 0 0 0 0 2 5 14 23 29 35 41 49 52 61 70 76 82 87 96 102 108 117 123 131 134 137 137 137 140 137 140 137 137 140 137 140 137 140 137 137 134 126 123 114 105 99 93 87 79 73 67 58 52 43 41 32 26 20 11 5 0 0 0 0 0 0 0 
0 0 0 0 0 0 0 2 32 43 49 58 64 67 73 76 79 82 85 87 90 87 90 87 87 87 85 85 79 79 73 67 67 61 52 46 32 14 0 0 0 0 0 0 0 0 0 0 0 0 0 0 0 5 20 29 41 52 64 76 87 90 85 79 73 70 67 61 55 52 46 43 41 35 29 23 23 17 11 5 2 0 0 0 0 0 0 0 0 0 0 0 0 0 0 0 0 0 0 0 0 0 0 0 0 0 0 0 0 0 0 0 0 0 0 0 0 0 8 14 23 32 35 43 49 58 64 70 76 85 93 99 105 111 120 126 134 134 137 137 137 137 137 137 137 137 134 137 137 137 137 137 137 134 126 120 114 105 99 90 87 79 73 64 55 52 43 38 29 23 17 11 2 0 0 0 0 0 0 0 
0 0 0 0 0 0 0 0 26 38 46 58 64 67 70 73 82 82 82 85 90 87 85 90 85 90 85 85 82 82 76 70 67 64 58 46 41 26 0 0 0 0 0 0 0 0 0 0 0 0 0 0 8 20 32 38 49 61 73 82 90 87 82 76 70 67 61 58 52 49 43 38 35 29 23 20 17 11 5 2 0 0 0 0 0 0 0 0 0 0 0 0 0 0 0 0 0 0 0 0 0 0 0 0 0 0 0 0 0 0 0 0 0 0 0 0 0 2 11 17 26 32 41 43 52 58 67 73 82 87 96 99 108 114 123 131 134 137 134 137 134 137 134 137 134 137 134 137 134 134 137 134 137 134 128 120 114 105 99 90 85 76 73 64 55 49 41 35 26 20 14 8 0 0 0 0 0 0 0 0 
0 0 0 0 0 0 0 0 11 32 43 52 61 67 70 73 82 79 82 85 87 87 85 87 85 90 87 87 82 79 79 73 70 67 61 49 43 29 8 0 0 0 0 0 0 0 0 0 0 0 2 11 20 29 41 49 64 70 79 87 87 85 76 73 67 64 58 52 49 43 38 32 29 23 20 17 11 8 0 0 0 0 0 0 0 0 0 0 0 0 0 0 0 0 0 0 0 0 0 0 0 0 0 0 0 0 0 0 0 0 0 0 0 0 0 0 0 5 11 20 26 35 41 49 55 64 70 79 85 90 96 105 111 120 126 134 134 134 134 134 134 134 134 134 134 134 134 134 134 134 134 134 134 134 128 120 114 105 99 90 85 76 70 61 55 46 38 32 23 17 8 2 0 0 0 0 0 0 0 0 
0 0 0 0 0 0 0 0 2 26 41 49 55 64 67 73 76 82 79 85 85 87 87 87 87 90 87 85 82 82 82 76 70 67 64 55 43 35 17 0 0 0 0 0 0 0 0 0 0 2 8 20 29 43 43 58 70 82 85 87 85 79 73 70 64 61 52 49 46 41 35 29 26 17 11 8 2 0 0 0 0 0 0 0 0 0 0 0 0 0 0 0 0 0 0 0 0 0 0 0 0 0 0 0 0 0 0 0 0 0 0 0 0 0 0 0 0 5 14 20 29 35 43 49 58 64 73 79 87 93 102 108 117 126 131 134 131 134 131 134 131 134 131 134 131 134 131 134 131 134 131 134 131 134 126 120 111 105 96 90 82 76 70 58 52 43 38 29 23 14 8 0 0 0 0 0 0 0 0 0 
0 0 0 0 0 0 0 0 0 17 35 43 52 64 64 70 73 82 79 85 85 87 87 87 87 87 87 87 85 82 82 79 70 70 64 58 46 43 26 0 0 0 0 0 0 0 0 0 5 11 20 32 38 49 58 64 76 87 90 85 82 76 70 67 61 55 49 43 41 35 29 26 17 11 5 2 0 0 0 0 0 0 0 0 0 0 0 0 0 0 0 0 0 0 0 0 0 0 0 0 0 0 0 0 0 0 0 0 0 0 0 0 0 0 0 0 0 8 14 23 29 38 43 55 61 67 76 82 90 96 108 114 123 128 134 131 134 131 134 131 131 131 131 131 131 131 131 131 131 134 131 134 131 134 126 120 111 105 93 87 79 73 64 58 52 41 35 26 20 11 5 0 0 0 0 0 0 0 0 0 
0 0 0 0 0 0 0 0 0 8 26 41 46 61 61 70 70 76 82 82 82 87 87 87 87 87 87 87 85 85 82 79 73 70 64 61 52 43 35 11 0 0 0 0 0 0 0 2 11 23 29 38 49 55 64 73 82 90 90 82 79 73 67 61 55 49 46 38 35 29 23 17 11 8 2 0 0 0 0 0 0 0 0 0 0 0 0 0 0 0 0 0 0 0 0 0 0 0 0 0 0 0 0 0 0 0 0 0 0 0 0 0 0 0 0 0 0 8 17 23 32 41 49 55 61 73 79 87 93 105 111 120 126 128 131 131 131 131 131 131 131 131 128 131 131 131 131 131 131 131 131 128 131 131 126 120 111 102 93 87 79 70 61 55 49 38 32 23 17 5 0 0 0 0 0 0 0 0 0 0 
0 0 0 0 0 0 0 0 0 0 17 38 43 58 58 70 70 76 79 85 82 85 85 87 90 87 87 87 85 85 82 79 76 70 70 64 58 46 41 23 0 0 0 0 0 0 2 17 17 29 38 46 55 61 73 79 87 90 87 79 76 70 61 58 49 43 41 32 29 23 14 11 8 0 0 0 0 0 0 0 0 0 0 0 0 0 0 0 0 0 0 0 0 0 0 0 0 0 0 0 0 0 0 0 0 0 0 0 0 0 0 0 0 0 0 0 2 11 17 26 35 43 49 58 67 73 85 90 102 108 114 126 128 131 128 131 131 128 131 128 131 128 131 131 128 131 128 131 128 131 131 128 131 128 126 117 108 102 93 85 76 70 58 52 46 35 29 20 11 5 0 0 0 0 0 0 0 0 0 0 
0 0 0 0 0 0 0 0 0 0 5 32 43 52 58 67 67 76 76 82 82 85 85 87 90 85 87 90 85 85 82 82 76 76 70 67 61 52 43 35 11 0 0 0 0 5 14 20 29 38 46 52 61 67 79 85 93 87 85 76 70 64 58 52 46 38 35 29 23 14 11 2 0 0 0 0 0 0 0 0 0 0 0 0 0 0 0 0 0 0 0 0 0 0 0 0 0 0 0 0 0 0 0 0 0 0 0 0 0 0 0 0 0 0 0 0 2 14 20 29 38 46 55 64 70 79 87 96 105 111 123 128 131 128 128 128 128 131 128 128 128 128 131 128 128 128 128 131 128 128 128 128 131 128 126 117 108 102 90 85 73 67 55 49 41 32 23 14 8 0 0 0 0 0 0 0 0 0 0 0 
0 0 0 0 0 0 0 0 0 0 0 20 38 46 58 61 67 73 76 76 85 82 85 85 87 87 87 87 85 85 82 85 79 76 73 67 61 61 46 38 23 0 0 0 5 11 20 26 38 43 52 58 70 73 85 90 87 85 79 73 64 58 52 46 41 32 26 23 14 8 2 0 0 0 0 0 0 0 0 0 0 0 0 0 0 0 0 0 0 0 0 0 0 0 0 0 0 0 0 0 0 0 0 0 0 0 0 0 0 0 0 0 0 0 0 0 5 14 23 32 41 49 58 64 76 85 93 102 108 120 128 128 128 128 128 128 126 128 128 128 128 128 128 128 126 128 128 128 128 126 128 128 128 128 126 117 108 96 90 82 73 64 55 46 38 29 20 11 2 0 0 0 0 0 0 0 0 0 0 0 
0 0 0 0 0 0 0 0 0 0 0 5 32 41 52 58 64 70 73 76 79 82 85 85 87 87 90 87 87 85 82 85 82 76 76 73 64 58 52 43 35 8 0 8 11 20 29 32 43 52 61 64 76 79 90 93 85 82 76 67 58 55 49 41 32 29 20 14 8 0 0 0 0 0 0 0 0 0 0 0 0 0 0 0 0 0 0 0 0 0 0 0 0 0 0 0 0 0 0 0 0 0 0 0 0 0 0 0 0 0 0 0 0 0 0 0 5 17 26 35 43 52 64 73 79 90 99 108 117 126 126 128 126 128 128 126 128 128 126 128 128 126 128 126 128 128 126 128 128 126 128 128 126 128 123 114 108 96 87 79 70 61 52 41 35 23 14 5 0 0 0 0 0 0 0 0 0 0 0 0 
0 0 0 0 0 0 0 0 0 0 0 0 20 35 49 55 61 70 73 76 79 79 87 85 85 85 90 90 85 87 82 85 82 76 76 76 67 64 58 49 38 20 5 11 20 29 35 43 49 58 64 70 82 85 96 90 85 76 70 61 55 49 43 35 26 20 14 5 0 0 0 0 0 0 0 0 0 0 0 0 0 0 0 0 0 0 0 0 0 0 0 0 0 0 0 0 0 0 0 0 0 0 0 0 0 0 0 0 0 0 0 0 0 0 0 2 11 17 29 38 46 58 67 76 87 96 105 114 123 126 128 126 126 128 126 128 128 126 128 126 126 128 126 126 128 126 126 128 126 126 128 126 126 128 123 114 105 93 85 79 67 58 49 38 29 20 8 0 0 0 0 0 0 0 0 0 0 0 0 0 
0 0 0 0 0 0 0 0 0 0 0 0 5 29 43 55 55 64 73 73 79 79 82 85 85 85 87 90 87 87 87 82 87 82 76 76 76 64 61 55 43 41 23 20 26 35 38 49 58 61 70 76 87 90 93 87 82 73 67 55 46 41 35 29 17 11 5 0 0 0 0 0 0 0 0 0 0 0 0 0 0 0 0 0 0 0 0 0 0 0 0 0 0 0 0 0 0 0 0 0 0 0 0 0 0 0 0 0 0 0 0 0 0 0 0 2 14 23 32 43 52 61 73 82 90 105 114 123 126 126 126 126 126 126 126 126 126 126 126 126 126 126 126 126 126 126 126 126 126 126 126 126 126 128 123 114 105 93 85 76 61 52 43 32 23 14 2 0 0 0 0 0 0 0 0 0 0 0 0 0 
0 0 0 0 0 0 0 0 0 0 0 0 0 14 35 46 52 64 64 73 76 79 79 87 82 85 87 90 87 85 87 85 85 85 79 76 73 67 64 55 58 49 49 26 35 41 46 55 64 67 76 82 93 96 90 82 76 67 61 49 43 35 26 20 11 2 0 0 0 0 0 0 0 0 0 0 0 0 0 0 0 0 0 0 0 0 0 0 0 0 0 0 0 0 0 0 0 0 0 0 0 0 0 0 0 0 0 0 0 0 0 0 0 0 0 5 14 26 38 46 55 70 79 87 99 111 120 126 126 126 123 126 126 123 126 126 126 126 126 126 126 126 126 123 126 126 126 126 126 126 126 126 126 126 123 111 99 90 82 70 58 49 41 26 17 8 0 0 0 0 0 0 0 0 0 0 0 0 0 0 
0 0 0 0 0 0 0 0 0 0 0 0 0 0 29 38 52 58 64 70 76 76 79 85 85 85 85 90 87 87 85 85 85 82 82 79 76 73 64 70 67 70 61 46 41 46 52 61 67 73 82 87 93 96 85 79 70 64 52 43 35 29 17 11 0 0 0 0 0 0 0 0 0 0 0 0 0 0 0 0 0 0 0 0 0 0 0 0 0 0 0 0 0 0 0 0 0 0 0 0 0 0 0 0 0 0 0 0 0 0 0 0 0 0 0 8 20 29 41 52 64 73 87 96 108 117 126 126 123 126 126 126 123 126 126 123 126 126 126 123 126 126 123 126 126 126 123 126 126 123 126 126 126 123 120 111 96 87 76 67 52 43 32 20 8 0 0 0 0 0 0 0 0 0 0 0 0 0 0 0 
0 0 0 0 0 0 0 0 0 0 0 0 0 0 14 29 46 55 61 64 73 76 79 82 82 87 85 85 87 87 87 85 85 85 82 79 79 76 76 76 79 85 70 67 52 55 58 67 73 79 87 93 99 90 79 73 64 55 46 35 26 17 11 0 0 0 0 0 0 0 0 0 0 0 0 0 0 0 0 0 0 0 0 0 0 0 0 0 0 0 0 0 0 0 0 0 0 0 0 0 0 0 0 0 0 0 0 0 0 0 0 0 0 0 0 11 23 35 46 58 70 82 93 105 117 126 123 123 126 126 123 123 126 123 123 123 126 123 123 126 126 123 123 126 126 123 123 126 123 123 126 126 123 123 120 108 96 85 73 61 49 38 26 11 2 0 0 0 0 0 0 0 0 0 0 0 0 0 0 0 
0 0 0 0 0 0 0 0 0 0 0 0 0 0 0 20 38 52 58 58 70 76 76 76 82 82 87 82 87 87 87 87 85 87 82 82 79 82 87 85 87 90 87 79 73 61 64 70 79 85 90 99 99 87 79 64 55 46 35 23 14 5 0 0 0 0 0 0 0 0 0 0 0 0 0 0 0 0 0 0 0 0 0 0 0 0 0 0 0 0 0 0 0 0 0 0 0 0 0 0 0 0 0 0 0 0 0 0 0 0 0 0 0 0 2 17 29 41 52 67 79 90 102 117 123 123 123 126 123 123 123 126 123 123 123 126 123 123 123 126 123 123 123 126 123 123 123 126 123 123 123 126 123 123 117 105 90 79 67 55 41 29 17 5 0 0 0 0 0 0 0 0 0 0 0 0 0 0 0 0 
0 0 0 0 0 0 0 0 0 0 0 0 0 0 0 2 29 43 49 58 70 70 76 76 82 82 85 85 85 87 87 87 85 87 87 82 85 87 93 96 99 93 96 99 87 73 70 76 85 90 96 102 90 82 70 58 49 38 26 17 2 0 0 0 0 0 0 0 0 0 0 0 0 0 0 0 0 0 0 0 0 0 0 0 0 0 0 0 0 0 0 0 0 0 0 0 0 0 0 0 0 0 0 0 0 0 0 0 0 0 0 0 0 0 5 20 35 46 61 73 87 102 114 123 123 123 123 123 123 123 123 123 123 126 123 123 123 123 123 123 123 123 123 123 123 123 126 123 123 123 123 123 123 123 117 99 87 76 61 49 35 20 8 0 0 0 0 0 0 0 0 0 0 0 0 0 0 0 0 0 
0 0 0 0 0 0 0 0 0 0 0 0 0 0 0 0 11 35 46 52 61 70 70 76 82 82 82 82 85 87 87 87 85 85 87 90 93 96 99 105 108 105 105 105 111 93 73 79 87 96 102 96 85 73 61 52 38 26 14 2 0 0 0 0 0 0 0 0 0 0 0 0 0 0 0 0 0 0 0 0 0 0 0 0 0 0 0 0 0 0 0 0 0 0 0 0 0 0 0 0 0 0 0 0 0 0 0 0 0 0 0 0 0 0 11 26 38 52 70 85 96 111 120 123 123 123 123 123 123 123 123 123 123 123 123 123 120 123 123 123 123 120 123 123 123 123 123 123 123 123 123 123 123 123 114 96 85 70 55 41 26 11 0 0 0 0 0 0 0 0 0 0 0 0 0 0 0 0 0 0 
0 0 0 0 0 0 0 0 0 0 0 0 0 0 0 0 0 17 41 46 61 67 67 70 76 82 82 82 82 87 87 87 87 85 90 96 102 105 105 114 114 117 117 120 114 114 93 85 93 99 105 90 76 64 52 41 29 14 0 0 0 0 0 0 0 0 0 0 0 0 0 0 0 0 0 0 0 0 0 0 0 0 0 0 0 0 0 0 0 0 0 0 0 0 0 0 0 0 0 0 0 0 0 0 0 0 0 0 0 0 0 0 0 0 14 32 49 64 79 93 111 123 123 123 120 123 123 123 123 120 120 123 123 123 120 120 123 123 123 123 120 123 123 123 123 120 123 123 123 123 120 123 123 123 111 93 79 61 46 32 14 0 0 0 0 0 0 0 0 0 0 0 0 0 0 0 0 0 0 0 
0 0 0 0 0 0 0 0 0 0 0 0 0 0 0 0 0 2 23 43 55 58 64 70 73 82 82 82 82 82 87 87 87 87 93 105 108 111 114 123 120 123 126 128 128 126 114 96 96 105 102 85 67 55 41 26 14 0 0 0 0 0 0 0 0 0 0 0 0 0 0 0 0 0 0 0 0 0 0 0 0 0 0 0 0 0 0 0 0 0 0 0 0 0 0 0 0 0 0 0 0 0 0 0 0 0 0 0 0 0 0 0 0 5 23 38 55 76 90 108 123 120 120 123 123 123 123 120 120 123 123 123 120 120 123 123 123 123 120 120 123 123 123 123 120 120 123 123 123 120 120 123 123 123 105 87 70 52 38 20 2 0 0 0 0 0 0 0 0 0 0 0 0 0 0 0 0 0 0 0 
0 0 0 0 0 0 0 0 0 0 0 0 0 0 0 0 0 0 8 32 46 55 64 64 70 76 82 79 82 82 85 87 90 96 99 108 111 114 123 128 131 131 134 131 134 143 134 120 102 105 93 76 58 43 26 11 0 0 0 0 0 0 0 0 0 0 0 0 0 0 0 0 0 0 0 0 0 0 0 0 0 0 0 0 0 0 0 0 0 0 0 0 0 0 0 0 0 0 0 0 0 0 0 0 0 0 0 0 0 0 0 0 0 11 32 49 67 87 105 120 123 123 123 120 120 120 123 123 123 123 120 120 120 123 123 123 120 120 120 123 123 123 120 120 120 123 123 123 120 120 120 120 123 120 102 79 61 43 23 5 0 0 0 0 0 0 0 0 0 0 0 0 0 0 0 0 0 0 0 0 
0 0 0 0 0 0 0 0 0 0 0 0 0 0 0 0 0 0 0 14 41 46 55 64 67 76 79 79 82 82 82 87 96 102 102 108 120 123 126 137 137 140 140 140 143 143 146 149 123 102 85 64 46 29 8 0 0 0 0 0 0 0 0 0 0 0 0 0 0 0 0 0 0 0 0 0 0 0 0 0 0 0 0 0 0 0 0 0 0 0 0 0 0 0 0 0 0 0 0 0 0 0 0 0 0 0 0 0 0 0 0 0 0 20 41 61 85 105 123 120 120 120 120 123 123 123 120 120 120 120 120 123 123 120 120 120 120 120 123 123 123 120 120 120 120 123 123 123 120 120 120 120 123 114 93 70 49 29 8 0 0 0 0 0 0 0 0 0 0 0 0 0 0 0 0 0 0 0 0 0 
0 0 0 0 0 0 0 0 0 0 0 0 0 0 0 0 0 0 0 2 17 43 52 58 64 70 76 76 79 82 85 93 96 105 111 114 123 128 134 140 143 146 149 152 152 155 152 152 149 108 73 49 26 5 0 0 0 0 0 0 0 0 0 0 0 0 0 0 0 0 0 0 0 0 0 0 0 0 0 0 0 0 0 0 0 0 0 0 0 0 0 0 0 0 0 0 0 0 0 0 0 0 0 0 0 0 0 0 0 0 0 0 5 29 52 79 102 120 120 120 123 123 120 120 120 120 120 120 123 123 120 120 120 120 120 120 123 123 123 120 120 120 120 120 123 123 123 120 120 120 120 120 123 108 85 58 35 11 0 0 0 0 0 0 0 0 0 0 0 0 0 0 0 0 0 0 0 0 0 0 
0 0 0 0 0 0 0 0 0 0 0 0 0 0 0 0 0 0 0 0 2 29 43 52 61 70 70 76 76 82 87 93 102 108 117 123 126 134 137 146 146 152 155 158 161 161 161 161 152 117 61 26 2 0 0 0 0 0 0 0 0 0 0 0 0 0 0 0 0 0 0 0 0 0 0 0 0 0 0 0 0 0 0 0 0 0 0 0 0 0 0 0 0 0 0 0 0 0 0 0 0 0 0 0 0 0 0 0 0 0 0 0 14 41 70 99 123 120 120 120 120 120 120 120 123 123 120 120 120 120 120 120 120 120 123 123 120 120 120 120 120 120 120 123 123 123 120 120 120 120 120 120 120 99 73 41 14 0 0 0 0 0 0 0 0 0 0 0 0 0 0 0 0 0 0 0 0 0 0 0 
0 0 0 0 0 0 0 0 0 0 0 0 0 0 0 0 0 0 0 0 0 2 38 46 52 61 67 70 76 79 90 99 108 114 120 128 134 140 140 146 155 158 164 164 170 170 172 175 149 105 61 2 0 0 0 0 0 0 0 0 0 0 0 0 0 0 0 0 0 0 0 0 0 0 0 0 0 0 0 0 0 0 0 0 0 0 0 0 0 0 0 0 0 0 0 0 0 0 0 0 0 0 0 0 0 0 0 0 0 0 0 0 29 61 96 120 120 120 120 123 123 120 120 120 120 120 120 120 120 120 120 123 123 120 120 120 120 120 120 120 120 120 123 123 120 120 120 120 120 120 120 120 120 87 55 20 0 0 0 0 0 0 0 0 0 0 0 0 0 0 0 0 0 0 0 0 0 0 0 0 
0 0 0 0 0 0 0 0 0 0 0 0 0 0 0 0 0 0 0 0 0 0 8 38 49 58 64 70 73 85 90 102 108 117 126 131 137 140 152 152 158 167 167 172 172 178 178 178 134 85 38 23 2 0 0 0 0 0 0 0 0 0 0 0 0 0 0 0 0 0 0 0 0 0 0 0 0 0 0 0 0 0 0 0 0 0 0 0 0 0 0 0 0 0 0 0 0 0 0 0 0 0 0 0 0 0 0 0 0 0 0 5 49 90 120 120 120 120 120 120 120 120 120 120 120 120 123 123 120 120 120 120 120 120 120 120 120 120 120 120 120 123 120 120 120 120 120 120 120 120 120 120 111 67 26 0 0 0 0 0 0 0 0 0 0 0 0 0 0 0 0 0 0 0 0 0 0 0 0 0 
0 0 0 0 0 0 0 0 0 0 0 0 0 0 0 0 0 0 0 0 0 0 2 17 38 49 58 67 79 87 96 105 114 120 126 131 137 146 152 155 164 170 175 181 181 184 187 164 105 58 49 38 17 0 0 0 0 0 0 0 0 0 0 0 0 0 0 0 0 0 0 0 0 0 0 0 0 0 0 0 0 0 0 0 0 0 0 0 0 0 0 0 0 0 0 0 0 0 0 0 0 0 0 0 0 0 0 0 0 0 0 26 82 120 120 120 120 120 120 123 120 120 120 120 120 120 120 120 120 120 120 120 120 120 120 120 120 120 123 120 120 120 120 120 120 120 120 120 120 120 120 120 90 35 0 0 0 0 0 0 0 0 0 0 0 0 0 0 0 0 0 0 0 0 0 0 0 0 0 0 
0 0 0 0 0 0 0 0 0 0 0 0 0 0 0 0 0 0 0 0 0 0 0 2 32 38 52 67 76 87 96 105 114 123 131 137 143 149 158 164 167 172 178 184 187 190 193 128 70 64 58 49 35 2 0 0 0 0 0 0 0 0 0 0 0 0 0 0 0 0 0 0 0 0 0 0 0 0 0 0 0 0 0 0 0 0 0 0 0 0 0 0 0 0 0 0 0 0 0 0 0 0 0 0 0 0 0 0 0 0 0 70 120 120 120 120 120 120 120 120 120 120 120 120 120 120 120 120 120 120 120 120 120 123 120 120 120 120 120 120 120 120 120 120 120 120 120 120 120 120 120 120 49 0 0 0 0 0 0 0 0 0 0 0 0 0 0 0 0 0 0 0 0 0 0 0 0 0 0 0 
0 0 0 0 0 0 0 0 0 0 0 0 0 0 0 0 0 0 0 0 0 0 0 0 2 32 46 64 76 87 99 105 117 123 134 140 146 152 161 172 172 178 184 190 196 196 175 73 73 67 61 55 43 32 2 0 0 0 0 0 0 0 0 0 0 0 0 0 0 0 0 0 0 0 0 0 0 0 0 0 0 0 0 0 0 0 0 0 0 0 0 0 0 0 0 0 0 0 0 0 0 0 0 0 0 0 0 0 0 0 23 120 120 120 120 120 120 120 120 120 120 120 120 120 120 120 120 120 120 120 120 120 120 120 120 120 120 120 120 120 120 120 120 120 120 120 120 120 120 120 120 93 0 0 0 0 0 0 0 0 0 0 0 0 0 0 0 0 0 0 0 0 0 0 0 0 0 0 0 0 
0 0 0 0 0 0 0 0 0 0 0 0 0 0 0 0 0 0 0 0 0 0 0 0 0 5 41 58 76 87 99 111 117 128 134 146 152 158 164 170 181 181 187 193 199 205 79 79 73 73 67 61 55 43 32 2 0 0 0 0 0 0 0 0 0 0 0 0 0 0 0 0 0 0 0 0 0 0 0 0 0 0 0 0 0 0 0 0 0 0 0 0 0 0 0 0 0 0 0 0 0 0 0 0 0 0 0 0 0 0 120 120 120 120 120 120 120 120 120 120 120 120 120 120 120 120 120 120 120 120 120 120 120 120 120 120 120 120 120 120 120 120 120 120 120 120 120 120 120 120 120 0 0 0 0 0 0 0 0 0 0 0 0 0 0 0 0 0 0 0 0 0 0 0 0 0 0 0 0 0 
0 0 0 0 0 0 0 0 0 0 0 0 0 0 0 0 0 0 0 0 0 0 0 0 2 8 17 52 70 87 99 111 123 128 140 146 155 161 167 172 178 190 190 196 202 111 85 79 79 73 73 67 61 55 43 32 2 0 0 0 0 0 0 0 0 0 0 0 0 0 0 0 0 0 0 0 0 0 0 0 0 0 0 0 0 0 0 0 0 0 0 0 0 0 0 0 0 0 0 0 0 0 0 0 0 0 0 0 0 93 120 120 120 120 120 120 120 120 120 120 120 120 120 120 120 120 120 120 120 120 120 120 120 120 120 120 120 120 120 120 120 120 120 120 120 120 120 120 120 120 23 0 0 0 0 0 0 0 0 0 0 0 0 0 0 0 0 0 0 0 0 0 0 0 0 0 0 0 0 0 
0 0 0 0 0 0 0 0 0 0 0 0 0 0 0 0 0 0 0 0 0 0 0 0 2 8 14 26 61 85 99 111 123 131 140 149 158 167 172 178 184 193 199 202 155 85 85 82 79 76 73 70 64 58 49 41 32 2 0 0 0 0 0 0 0 0 0 0 0 0 0 0 0 0 0 0 0 0 0 0 0 0 0 0 0 0 0 0 0 0 0 0 0 0 0 0 0 0 0 0 0 0 0 0 0 0 0 0 55 120 120 120 120 120 120 120 120 120 120 120 120 120 120 120 120 120 120 120 120 120 120 120 123 120 120 120 120 120 120 120 120 120 120 120 120 120 120 120 120 64 0 0 0 0 0 0 0 0 0 0 0 0 0 0 0 0 0 0 0 0 0 0 0 0 0 0 0 0 0 0 
0 0 0 0 0 0 0 0 0 0 0 0 0 0 0 0 0 0 0 0 0 0 0 2 8 14 20 26 41 76 93 111 123 134 140 149 158 167 175 181 187 196 202 172 111 85 85 85 82 79 76 73 70 64 58 49 38 23 2 0 0 0 0 0 0 0 0 0 0 0 0 0 0 0 0 0 0 0 0 0 0 0 0 0 0 0 0 0 0 0 0 0 0 0 0 0 0 0 0 0 0 0 0 0 0 0 0 41 96 120 120 120 120 120 120 120 120 123 120 120 120 120 120 120 120 120 120 120 120 120 120 120 120 120 120 120 123 120 120 120 120 120 120 120 120 120 120 120 76 20 0 0 0 0 0 0 0 0 0 0 0 0 0 0 0 0 0 0 0 0 0 0 0 0 0 0 0 0 0 0 
0 0 0 0 0 0 0 0 0 0 0 0 0 0 0 0 0 0 0 0 0 0 2 8 14 17 23 29 35 55 85 102 117 131 143 152 161 167 181 184 193 199 172 134 93 87 85 85 85 82 82 76 73 70 64 58 49 38 17 2 0 0 0 0 0 0 0 0 0 0 0 0 0 0 0 0 0 0 0 0 0 0 0 0 0 0 0 0 0 0 0 0 0 0 0 0 0 0 0 0 0 0 0 0 0 0 32 76 117 123 123 120 120 120 120 120 120 120 120 120 120 120 120 120 123 120 120 120 120 120 120 120 120 120 120 120 120 120 123 120 120 120 120 120 120 120 120 82 41 0 0 0 0 0 0 0 0 0 0 0 0 0 0 0 0 0 0 0 0 0 0 0 0 0 0 0 0 0 0 0 
0 0 0 0 0 0 0 0 0 0 0 0 0 0 0 0 0 0 0 0 0 0 2 8 17 26 29 35 41 46 70 96 111 126 143 149 164 170 178 187 196 178 146 120 85 85 87 85 85 82 82 79 79 73 67 64 58 49 38 17 0 0 0 0 0 0 0 0 0 0 0 0 0 0 0 0 0 0 0 0 0 0 0 0 0 0 0 0 0 0 0 0 0 0 0 0 0 0 0 0 0 0 0 0 0 32 64 99 120 120 120 120 120 120 120 120 123 123 120 120 120 120 120 120 120 120 120 123 123 120 120 120 120 120 120 120 120 120 120 123 123 120 120 120 120 120 85 52 17 0 0 0 0 0 0 0 0 0 0 0 0 0 0 0 0 0 0 0 0 0 0 0 0 0 0 0 0 0 0 0 
0 0 0 0 0 0 0 0 0 0 0 0 0 0 0 0 0 0 0 0 0 2 8 14 20 23 32 38 43 49 55 79 105 126 140 155 161 170 178 187 178 152 128 102 87 85 85 87 85 87 85 82 79 76 73 67 64 58 49 41 14 0 0 0 0 0 0 0 0 0 0 0 0 0 0 0 0 0 0 0 0 0 0 0 0 0 0 0 0 0 0 0 0 0 0 0 0 0 0 0 0 0 0 0 29 55 85 111 120 120 120 123 123 120 120 120 120 120 120 120 123 123 120 120 120 120 120 120 120 120 123 123 120 120 120 120 120 120 120 123 123 120 120 120 114 87 58 29 2 0 0 0 0 0 0 0 0 0 0 0 0 0 0 0 0 0 0 0 0 0 0 0 0 0 0 0 0 0 0 0 
0 0 0 0 0 0 0 0 0 0 0 0 0 0 0 0 0 0 0 0 0 5 11 17 23 29 38 43 49 55 58 64 87 120 140 149 161 170 181 175 155 134 114 96 85 87 85 87 90 85 85 82 82 79 76 73 70 64 55 49 38 14 0 0 0 0 0 0 0 0 0 0 0 0 0 0 0 0 0 0 0 0 0 0 0 0 0 0 0 0 0 0 0 0 0 0 0 0 0 0 0 0 2 26 49 73 96 123 123 120 120 120 120 120 120 123 123 120 120 120 120 120 120 123 123 120 120 120 120 120 120 123 123 123 120 120 120 120 120 123 123 123 120 111 87 64 38 14 0 0 0 0 0 0 0 0 0 0 0 0 0 0 0 0 0 0 0 0 0 0 0 0 0 0 0 0 0 0 0 0 
0 0 0 0 0 0 0 0 0 0 0 0 0 0 0 0 0 0 0 0 2 8 14 23 26 32 41 43 52 58 64 70 76 102 134 146 155 170 164 155 143 120 102 85 85 87 87 87 85 87 85 82 82 82 82 76 73 67 64 55 46 41 11 0 0 0 0 0 0 0 0 0 0 0 0 0 0 0 0 0 0 0 0 0 0 0 0 0 0 0 0 0 0 0 0 0 0 0 0 0 0 2 23 43 67 90 111 120 120 120 120 123 123 123 120 120 120 120 123 123 123 120 120 120 120 123 123 123 120 120 120 120 123 123 123 120 120 120 120 123 123 123 108 87 67 43 23 2 0 0 0 0 0 0 0 0 0 0 0 0 0 0 0 0 0 0 0 0 0 0 0 0 0 0 0 0 0 0 0 0 
0 0 0 0 0 0 0 0 0 0 0 0 0 0 0 0 0 0 0 0 8 11 17 23 32 38 46 49 52 61 67 73 82 87 114 143 152 152 146 140 126 111 96 82 82 85 90 87 85 85 85 87 85 85 79 79 73 73 70 67 55 46 38 14 0 0 0 0 0 0 0 0 0 0 0 0 0 0 0 0 0 0 0 0 0 0 0 0 0 0 0 0 0 0 0 0 0 0 0 0 2 26 43 61 82 99 117 123 123 123 123 120 120 120 123 123 123 120 120 120 123 123 123 120 120 120 123 123 123 120 120 120 120 123 123 123 120 120 120 123 123 108 85 67 49 32 11 0 0 0 0 0 0 0 0 0 0 0 0 0 0 0 0 0 0 0 0 0 0 0 0 0 0 0 0 0 0 0 0 0 
0 0 0 0 0 0 0 0 0 0 0 0 0 0 0 0 0 0 0 2 8 17 23 26 32 38 49 55 58 64 70 79 85 90 96 126 143 128 128 123 111 99 87 79 79 85 85 87 85 85 85 87 90 82 82 79 82 79 73 64 64 55 46 41 11 0 0 0 0 0 0 0 0 0 0 0 0 0 0 0 0 0 0 0 0 0 0 0 0 0 0 0 0 0 0 0 0 0 0 8 23 41 58 73 90 111 123 123 120 120 123 123 123 123 120 120 123 123 123 120 120 120 123 123 123 120 120 123 123 123 123 120 120 123 123 123 120 120 120 123 105 87 70 52 35 20 2 0 0 0 0 0 0 0 0 0 0 0 0 0 0 0 0 0 0 0 0 0 0 0 0 0 0 0 0 0 0 0 0 0 
0 0 0 0 0 0 0 0 0 0 0 0 0 0 0 0 0 0 2 5 11 20 26 32 38 41 52 58 61 67 76 85 87 90 99 99 111 114 111 105 99 90 79 76 82 82 85 82 87 85 87 87 85 87 82 85 82 82 76 70 70 64 58 46 38 14 0 0 0 0 0 0 0 0 0 0 0 0 0 0 0 0 0 0 0 0 0 0 0 0 0 0 0 0 0 0 0 0 8 23 38 52 70 87 102 117 120 123 123 123 123 120 123 123 123 123 120 120 123 123 123 123 120 123 123 123 123 120 123 123 123 123 120 123 123 123 123 120 117 102 87 73 55 38 23 8 0 0 0 0 0 0 0 0 0 0 0 0 0 0 0 0 0 0 0 0 0 0 0 0 0 0 0 0 0 0 0 0 0 0 
0 0 0 0 0 0 0 0 0 0 0 0 0 0 0 0 0 0 2 8 17 20 29 35 41 46 58 61 64 70 82 87 93 99 96 87 76 87 93 90 87 82 73 70 79 82 82 82 85 87 87 87 85 85 85 87 85 79 79 79 73 67 58 58 49 38 11 0 0 0 0 0 0 0 0 0 0 0 0 0 0 0 0 0 0 0 0 0 0 0 0 0 0 0 0 0 0 8 23 35 52 67 82 93 108 123 123 123 123 123 123 123 123 123 123 123 123 123 120 123 123 123 123 120 123 123 123 123 123 123 123 123 123 123 123 123 123 114 99 87 73 58 41 29 14 0 0 0 0 0 0 0 0 0 0 0 0 0 0 0 0 0 0 0 0 0 0 0 0 0 0 0 0 0 0 0 0 0 0 0 
0 0 0 0 0 0 0 0 0 0 0 0 0 0 0 0 0 0 5 11 17 26 35 38 43 49 61 67 70 79 85 90 96 99 90 76 67 55 64 73 79 73 61 67 76 79 82 79 82 87 85 87 85 87 87 85 85 82 82 79 76 70 70 61 58 49 35 20 0 0 0 0 0 0 0 0 0 0 0 0 0 0 0 0 0 0 0 0 0 0 0 0 0 0 0 0 8 23 38 49 64 76 87 105 117 123 123 123 123 123 123 126 123 123 123 123 123 123 123 123 123 123 123 123 126 123 123 123 123 123 123 123 123 123 123 123 114 99 85 73 58 46 32 17 5 0 0 0 0 0 0 0 0 0 0 0 0 0 0 0 0 0 0 0 0 0 0 0 0 0 0 0 0 0 0 0 0 0 0 0 
0 0 0 0 0 0 0 0 0 0 0 0 0 0 0 0 0 2 8 17 20 26 38 43 49 55 61 70 73 85 90 93 99 90 82 73 61 49 41 52 61 64 58 58 70 76 79 76 82 82 87 85 87 87 87 87 85 87 82 82 76 76 76 70 58 55 52 35 17 0 0 0 0 0 0 0 0 0 0 0 0 0 0 0 0 0 0 0 0 0 0 0 0 0 0 8 20 35 46 58 70 85 96 108 120 126 123 123 123 126 123 123 123 126 123 123 123 126 123 123 123 126 123 123 123 126 123 123 123 126 123 123 123 126 123 111 99 87 73 61 49 38 23 11 0 0 0 0 0 0 0 0 0 0 0 0 0 0 0 0 0 0 0 0 0 0 0 0 0 0 0 0 0 0 0 0 0 0 0 0 
0 0 0 0 0 0 0 0 0 0 0 0 0 0 0 0 0 5 11 23 26 29 41 46 49 61 64 73 79 87 93 96 90 82 73 64 55 46 35 26 41 46 52 55 64 70 73 76 79 82 82 87 85 87 87 90 87 85 87 82 82 79 76 73 70 64 55 49 38 20 0 0 0 0 0 0 0 0 0 0 0 0 0 0 0 0 0 0 0 0 0 0 0 0 11 23 35 46 55 70 82 93 105 117 123 123 126 126 123 123 126 126 123 123 126 123 123 126 126 123 123 126 126 123 123 126 126 123 123 126 123 123 126 120 108 96 85 73 61 49 38 23 14 2 0 0 0 0 0 0 0 0 0 0 0 0 0 0 0 0 0 0 0 0 0 0 0 0 0 0 0 0 0 0 0 0 0 0 0 0 
0 0 0 0 0 0 0 0 0 0 0 0 0 0 0 0 2 5 14 23 29 35 43 49 52 64 70 76 82 90 96 93 85 73 67 58 49 41 32 23 14 23 38 49 52 64 67 73 76 79 82 87 85 85 85 87 87 87 87 85 85 82 79 76 73 70 64 55 55 38 23 2 0 0 0 0 0 0 0 0 0 0 0 0 0 0 0 0 0 0 0 0 0 11 23 35 43 58 67 79 87 102 111 123 126 126 123 123 126 126 123 126 126 123 123 126 126 123 126 126 123 123 126 126 123 126 126 123 123 126 126 123 117 108 93 85 73 64 49 41 29 17 5 0 0 0 0 0 0 0 0 0 0 0 0 0 0 0 0 0 0 0 0 0 0 0 0 0 0 0 0 0 0 0 0 0 0 0 0 0 
0 0 0 0 0 0 0 0 0 0 0 0 0 0 0 0 2 11 17 26 32 38 46 52 55 67 73 85 87 93 93 87 79 70 61 55 43 38 29 20 11 5 20 35 46 55 64 64 73 76 79 82 85 82 87 85 87 87 87 85 85 87 82 79 76 73 67 64 52 52 38 23 2 0 0 0 0 0 0 0 0 0 0 0 0 0 0 0 0 0 0 2 14 23 32 43 55 64 73 87 96 105 117 126 126 126 126 126 123 126 126 126 126 126 126 126 126 126 126 126 126 123 126 126 126 126 126 126 126 126 126 114 105 93 82 73 64 52 41 32 20 8 0 0 0 0 0 0 0 0 0 0 0 0 0 0 0 0 0 0 0 0 0 0 0 0 0 0 0 0 0 0 0 0 0 0 0 0 0 0 
0 0 0 0 0 0 0 0 0 0 0 0 0 0 0 0 5 17 20 29 35 38 49 58 61 70 76 87 90 96 87 82 73 67 55 46 41 35 29 17 11 5 0 17 32 49 55 61 64 73 76 79 79 85 85 85 85 90 90 85 87 85 85 82 82 76 73 73 64 55 55 41 29 2 0 0 0 0 0 0 0 0 0 0 0 0 0 0 0 0 2 14 23 32 43 52 61 73 82 93 105 114 123 128 126 126 128 126 126 126 126 126 126 126 126 126 126 126 126 126 126 126 126 126 126 126 126 126 126 123 114 102 93 85 73 61 52 43 32 23 14 2 0 0 0 0 0 0 0 0 0 0 0 0 0 0 0 0 0 0 0 0 0 0 0 0 0 0 0 0 0 0 0 0 0 0 0 0 0 0 
0 0 0 0 0 0 0 0 0 0 0 0 0 0 0 2 5 17 23 29 41 43 52 61 70 76 82 90 93 90 82 76 67 61 52 43 38 32 23 20 11 5 0 0 11 32 46 55 61 64 73 76 76 79 87 82 85 87 85 87 87 87 82 85 85 79 79 73 70 67 58 52 41 26 5 0 0 0 0 0 0 0 0 0 0 0 0 0 0 2 14 23 32 43 52 61 70 79 87 99 108 117 128 126 128 128 126 128 126 126 128 126 126 128 126 126 128 126 126 128 126 126 128 126 126 128 126 126 123 111 102 93 82 73 64 52 43 32 26 17 5 0 0 0 0 0 0 0 0 0 0 0 0 0 0 0 0 0 0 0 0 0 0 0 0 0 0 0 0 0 0 0 0 0 0 0 0 0 0 0 
0 0 0 0 0 0 0 0 0 0 0 0 0 0 0 5 11 17 26 32 43 46 55 61 73 79 87 93 87 85 76 67 61 58 52 43 35 32 23 17 8 2 0 0 0 8 35 43 55 58 64 70 73 76 82 85 85 85 87 87 90 85 87 85 82 85 82 76 76 70 64 58 52 41 26 8 0 0 0 0 0 0 0 0 0 0 0 0 2 14 23 32 41 49 61 70 76 87 96 105 114 123 126 128 126 128 128 126 128 128 126 128 128 126 128 126 128 128 126 128 128 126 128 128 126 128 126 117 111 99 90 82 73 64 55 43 38 26 17 8 0 0 0 0 0 0 0 0 0 0 0 0 0 0 0 0 0 0 0 0 0 0 0 0 0 0 0 0 0 0 0 0 0 0 0 0 0 0 0 0 
0 0 0 0 0 0 0 0 0 0 0 0 0 0 0 5 14 20 29 32 43 52 61 64 76 82 93 90 82 79 73 67 58 52 49 41 35 29 20 17 8 2 0 0 0 0 2 32 41 52 58 70 67 73 79 79 85 85 85 87 87 87 87 87 85 85 82 79 79 73 70 70 58 52 43 32 8 0 0 0 0 0 0 0 0 0 0 5 14 23 32 41 49 58 67 76 85 93 102 111 120 128 128 128 128 128 128 128 126 128 128 128 128 128 128 128 128 128 128 128 128 126 128 128 128 126 117 108 99 87 82 73 61 55 43 38 29 17 11 2 0 0 0 0 0 0 0 0 0 0 0 0 0 0 0 0 0 0 0 0 0 0 0 0 0 0 0 0 0 0 0 0 0 0 0 0 0 0 0 0 
0 0 0 0 0 0 0 0 0 0 0 0 0 0 2 5 17 23 35 38 46 55 64 73 79 90 93 85 79 73 70 61 55 49 43 38 32 23 20 17 8 2 0 0 0 0 0 5 29 43 49 61 64 70 76 76 82 85 87 85 85 87 87 87 87 85 87 82 82 76 76 70 67 61 52 43 32 14 0 0 0 0 0 0 0 0 5 14 23 32 41 46 58 64 76 82 90 99 108 117 126 128 128 128 131 128 128 128 128 131 128 128 128 128 131 128 128 128 128 131 128 131 128 128 120 114 105 96 90 79 73 64 55 46 38 29 23 11 5 0 0 0 0 0 0 0 0 0 0 0 0 0 0 0 0 0 0 0 0 0 0 0 0 0 0 0 0 0 0 0 0 0 0 0 0 0 0 0 0 0 
0 0 0 0 0 0 0 0 0 0 0 0 0 0 0 8 20 23 35 41 49 61 70 79 82 93 87 85 76 70 67 58 52 46 41 38 29 23 20 14 8 2 0 0 0 0 0 0 2 26 41 46 58 61 70 70 76 79 82 82 85 85 87 87 87 87 87 85 85 82 79 76 70 70 61 58 43 38 17 0 0 0 0 0 0 5 17 23 32 41 46 55 64 73 79 90 96 102 114 120 131 128 131 131 128 131 128 131 128 131 131 128 131 128 131 128 131 131 128 131 128 131 128 120 114 102 96 87 79 73 64 55 46 41 29 23 17 5 0 0 0 0 0 0 0 0 0 0 0 0 0 0 0 0 0 0 0 0 0 0 0 0 0 0 0 0 0 0 0 0 0 0 0 0 0 0 0 0 0 0 
0 0 0 0 0 0 0 0 0 0 0 0 0 0 2 11 20 29 38 46 55 64 73 82 90 90 82 79 73 67 61 55 49 46 38 35 29 23 17 11 5 2 0 0 0 0 0 0 0 0 26 41 46 55 64 67 70 76 82 79 85 87 85 90 85 87 90 85 87 82 82 76 76 70 67 61 55 43 38 20 0 0 0 0 5 17 23 32 38 49 55 61 70 79 87 93 102 111 120 126 128 131 131 131 131 131 131 131 131 128 131 131 131 131 131 131 131 131 128 131 131 126 120 111 102 93 87 79 73 64 55 49 41 32 23 17 8 0 0 0 0 0 0 0 0 0 0 0 0 0 0 0 0 0 0 0 0 0 0 0 0 0 0 0 0 0 0 0 0 0 0 0 0 0 0 0 0 0 0 0 
0 0 0 0 0 0 0 0 0 0 0 0 0 0 5 17 17 32 43 52 58 67 79 87 87 85 79 76 70 64 58 52 46 43 38 35 29 20 17 11 5 2 0 0 0 0 0 0 0 0 0 23 41 43 55 64 67 70 76 79 82 85 87 87 85 87 85 87 87 85 85 79 82 76 70 67 64 55 46 41 26 0 2 8 17 23 32 38 46 55 64 70 76 85 90 99 108 117 123 131 131 134 131 134 131 134 131 131 131 131 131 131 131 131 134 131 134 131 134 131 126 117 111 99 93 85 79 70 64 58 46 41 32 26 17 11 2 0 0 0 0 0 0 0 0 0 0 0 0 0 0 0 0 0 0 0 0 0 0 0 0 0 0 0 0 0 0 0 0 0 0 0 0 0 0 0 0 0 0 0 
0 0 0 0 0 0 0 0 0 0 0 0 0 0 5 17 23 32 46 52 61 70 85 90 87 82 76 73 67 61 58 52 46 41 35 32 26 20 17 11 5 0 0 0 0 0 0 0 0 0 0 0 17 38 43 52 64 64 73 73 82 82 82 85 87 87 87 87 85 87 87 85 82 79 76 70 70 64 58 49 43 29 11 17 23 32 38 46 52 61 67 76 85 93 99 108 114 123 128 134 134 131 134 131 134 131 134 131 134 131 134 131 134 131 134 131 134 131 131 123 117 108 102 90 85 76 70 61 55 46 41 35 26 20 11 5 0 0 0 0 0 0 0 0 0 0 0 0 0 0 0 0 0 0 0 0 0 0 0 0 0 0 0 0 0 0 0 0 0 0 0 0 0 0 0 0 0 0 0 0 
0 0 0 0 0 0 0 0 0 0 0 0 0 0 11 17 29 35 49 61 70 76 87 90 85 79 76 70 64 58 55 52 43 41 35 32 26 20 17 11 5 0 0 0 0 0 0 0 0 0 0 0 0 14 32 43 52 61 67 70 73 82 79 82 85 87 90 85 90 85 90 85 85 82 79 79 73 67 67 61 55 52 46 29 32 38 46 52 61 67 76 82 90 96 105 111 120 126 134 134 134 134 134 134 134 134 134 134 134 134 134 134 134 134 134 134 134 128 120 114 108 102 93 85 79 70 64 55 49 41 35 26 20 11 5 0 0 0 0 0 0 0 0 0 0 0 0 0 0 0 0 0 0 0 0 0 0 0 0 0 0 0 0 0 0 0 0 0 0 0 0 0 0 0 0 0 0 0 0 0 
0 0 0 0 0 0 0 0 0 0 0 0 0 2 8 17 29 41 49 64 76 82 87 85 79 76 73 67 61 55 52 49 41 41 35 32 26 20 14 11 5 0 0 0 0 0 0 0 0 0 0 0 0 0 8 32 41 49 61 67 70 73 79 79 85 85 87 87 87 87 87 87 87 85 85 79 82 73 70 73 73 67 67 67 49 46 52 61 67 73 79 87 93 102 108 117 126 131 137 134 137 134 137 134 137 134 137 134 137 134 134 137 134 137 134 134 126 120 111 105 99 93 85 79 70 61 55 46 43 35 29 20 14 5 0 0 0 0 0 0 0 0 0 0 0 0 0 0 0 0 0 0 0 0 0 0 0 0 0 0 0 0 0 0 0 0 0 0 0 0 0 0 0 0 0 0 0 0 0 0 
0 0 0 0 0 0 0 0 0 0 0 0 0 0 8 20 32 43 52 67 79 87 87 82 76 73 70 64 58 52 52 49 41 38 32 32 23 20 14 11 8 2 0 0 0 0 0 0 0 0 0 0 0 0 0 8 29 41 46 58 67 67 73 76 82 82 85 87 90 85 87 85 87 85 87 82 82 79 82 82 82 85 82 82 82 70 58 64 73 79 87 93 99 108 114 123 126 134 134 137 137 137 137 137 137 137 137 134 137 137 137 137 137 137 134 126 117 111 102 99 90 85 76 70 64 55 49 41 35 29 23 14 8 0 0 0 0 0 0 0 0 0 0 0 0 0 0 0 0 0 0 0 0 0 0 0 0 0 0 0 0 0 0 0 0 0 0 0 0 0 0 0 0 0 0 0 0 0 0 0 
0 0 0 0 0 0 0 0 0 0 0 0 0 0 8 23 38 43 58 70 85 87 85 79 76 70 67 61 58 52 49 46 41 38 32 29 23 20 14 11 5 2 0 0 0 0 0 0 0 0 0 0 0 0 0 0 0 29 35 46 58 64 67 70 79 79 82 85 87 87 87 87 87 87 87 85 85 85 90 93 93 99 99 99 96 93 85 73 79 85 93 99 105 111 120 128 131 140 137 137 137 137 140 137 140 137 137 140 137 140 137 137 137 128 126 117 111 102 96 90 82 76 70 64 55 49 43 35 29 23 17 8 0 0 0 0 0 0 0 0 0 0 0 0 0 0 0 0 0 0 0 0 0 0 0 0 0 0 0 0 0 0 0 0 0 0 0 0 0 0 0 0 0 0 0 0 0 0 0 0 
0 0 0 0 0 0 0 0 0 0 0 0 0 2 14 26 38 49 61 73 87 87 82 76 76 67 64 64 55 52 49 46 38 38 32 26 23 20 14 11 5 2 0 0 0 0 0 0 0 0 0 0 0 0 0 0 0 0 26 38 46 55 61 67 70 79 76 82 85 85 87 87 87 87 90 87 93 96 99 105 105 108 114 114 114 111 105 105 87 90 96 105 111 117 126 128 137 140 140 140 137 140 140 140 140 137 140 140 140 140 137 137 128 123 117 108 102 96 90 82 76 70 61 58 49 41 38 29 23 17 8 2 0 0 0 0 0 0 0 0 0 0 0 0 0 0 0 0 0 0 0 0 0 0 0 0 0 0 0 0 0 0 0 0 0 0 0 0 0 0 0 0 0 0 0 0 0 0 0 0 
0 0 0 0 0 0 0 0 0 0 0 0 0 2 14 29 41 52 67 85 87 85 79 76 73 67 64 61 52 52 46 46 38 35 32 26 23 20 14 11 5 5 0 0 0 0 0 0 0 0 0 0 0 0 0 0 0 0 0 14 35 46 55 58 67 67 76 76 82 82 87 87 87 87 87 93 99 102 114 111 114 123 123 128 126 126 128 126 120 102 102 111 114 123 128 134 140 143 140 140 140 140 143 140 140 143 140 140 140 140 134 128 120 117 108 99 96 87 85 76 67 64 55 49 43 35 32 23 14 11 2 0 0 0 0 0 0 0 0 0 0 0 0 0 0 0 0 0 0 0 0 0 0 0 0 0 0 0 0 0 0 0 0 0 0 0 0 0 0 0 0 0 0 0 0 0 0 0 0 0 
0 0 0 0 0 0 0 0 0 0 0 0 0 2 14 32 43 55 73 87 85 82 76 76 70 67 61 58 52 49 46 41 38 35 32 26 23 20 17 11 5 5 0 0 0 0 0 0 0 0 0 0 0 0 0 0 0 0 0 0 11 32 43 52 58 64 70 76 76 79 85 87 85 85 96 96 108 114 117 123 128 128 134 140 140 140 140 140 140 134 114 117 120 128 134 140 143 143 143 143 143 143 143 143 143 143 140 143 140 131 126 120 114 108 99 96 87 82 76 70 61 55 49 41 38 29 23 17 11 5 0 0 0 0 0 0 0 0 0 0 0 0 0 0 0 0 0 0 0 0 0 0 0 0 0 0 0 0 0 0 0 0 0 0 0 0 0 0 0 0 0 0 0 0 0 0 0 0 0 0 
0 0 0 0 0 0 0 0 0 0 0 0 0 2 14 29 49 61 79 87 82 79 76 73 67 64 58 58 49 49 46 41 38 35 32 26 23 20 17 11 8 5 0 0 0 0 0 0 0 0 0 0 0 0 0 0 0 0 0 0 0 8 32 41 55 55 64 70 73 76 79 82 85 93 99 108 111 120 126 128 137 143 143 149 149 155 155 155 155 149 146 134 126 131 140 143 143 146 143 143 146 143 143 146 143 143 146 137 131 126 120 111 108 99 93 87 82 73 70 61 55 49 43 35 32 23 17 11 5 0 0 0 0 0 0 0 0 0 0 0 0 0 0 0 0 0 0 0 0 0 0 0 0 0 0 0 0 0 0 0 0 0 0 0 0 0 0 0 0 0 0 0 0 0 0 0 0 0 0 0 
0 0 0 0 0 0 0 0 0 0 0 0 0 0 17 35 49 70 82 85 82 76 76 70 67 61 61 58 49 49 43 41 35 35 32 26 23 20 14 11 8 5 0 0 0 0 0 0 0 0 0 0 0 0 0 0 0 0 0 0 0 0 2 29 38 52 55 61 67 73 76 82 87 102 105 111 120 126 134 137 146 152 152 158 161 161 170 170 164 164 170 164 152 137 146 146 146 146 146 146 146 149 146 146 146 143 137 128 126 120 111 108 99 93 85 82 76 67 64 55 49 43 38 32 23 20 11 5 0 0 0 0 0 0 0 0 0 0 0 0 0 0 0 0 0 0 0 0 0 0 0 0 0 0 0 0 0 0 0 0 0 0 0 0 0 0 0 0 0 0 0 0 0 0 0 0 0 0 0 0 
0 0 0 0 0 0 0 0 0 0 0 0 0 0 17 35 55 73 85 85 79 76 73 70 64 61 61 55 52 46 43 41 35 35 32 26 23 17 14 11 8 5 2 0 0 0 0 0 0 0 0 0 0 0 0 0 0 0 0 0 0 0 0 0 26 35 46 52 58 67 73 82 93 99 111 117 126 131 140 146 149 155 161 170 167 172 175 184 178 175 181 178 172 170 152 146 149 149 149 146 149 149 146 146 143 134 128 126 117 111 105 99 93 85 79 76 67 61 58 49 43 35 32 26 17 11 8 0 0 0 0 0 0 0 0 0 0 0 0 0 0 0 0 0 0 0 0 0 0 0 0 0 0 0 0 0 0 0 0 0 0 0 0 0 0 0 0 0 0 0 0 0 0 0 0 0 0 0 0 0 
0 0 0 0 0 0 0 0 0 0 0 0 0 0 17 38 58 79 87 82 76 76 70 67 64 61 58 52 52 46 43 41 38 35 29 26 23 20 14 14 11 2 2 0 0 0 0 0 0 0 0 0 0 0 0 0 0 0 0 0 0 0 0 0 0 20 35 43 55 61 70 85 93 105 111 123 128 140 143 149 158 161 172 170 178 181 187 181 190 196 190 193 193 184 178 158 149 149 152 152 149 149 149 140 134 128 123 117 111 102 99 93 87 79 73 70 61 55 49 43 38 32 23 20 14 5 0 0 0 0 0 0 0 0 0 0 0 0 0 0 0 0 0 0 0 0 0 0 0 0 0 0 0 0 0 0 0 0 0 0 0 0 0 0 0 0 0 0 0 0 0 0 0 0 0 0 0 0 0 0 
0 0 0 0 0 0 0 0 0 0 0 0 0 0 14 43 64 82 85 82 76 73 70 67 61 61 58 52 49 46 43 38 38 35 29 26 23 20 14 14 8 5 2 0 0 0 0 0 0 0 0 0 0 0 0 0 0 0 0 0 0 0 0 0 0 0 11 32 46 61 70 82 99 108 111 126 131 146 146 152 164 172 178 175 181 193 193 196 196 205 208 202 202 205 193 181 164 152 152 152 152 146 140 134 128 123 117 111 102 96 93 87 79 73 67 61 55 49 43 38 32 26 17 11 8 2 0 0 0 0 0 0 0 0 0 0 0 0 0 0 0 0 0 0 0 0 0 0 0 0 0 0 0 0 0 0 0 0 0 0 0 0 0 0 0 0 0 0 0 0 0 0 0 0 0 0 0 0 0 0 
0 0 0 0 0 0 0 0 0 0 0 0 0 0 14 43 70 87 82 79 76 73 67 64 64 61 55 52 49 46 43 38 38 32 29 26 23 20 17 11 8 5 5 0 0 0 0 0 0 0 0 0 0 0 0 0 0 0 0 0 0 0 0 0 0 0 0 8 38 52 70 82 93 108 117 126 137 143 149 158 167 178 181 187 187 199 205 202 211 211 216 216 216 211 211 202 190 172 152 152 146 140 131 126 123 117 111 102 96 90 87 79 73 67 61 55 49 43 38 32 26 20 14 8 0 0 0 0 0 0 0 0 0 0 0 0 0 0 0 0 0 0 0 0 0 0 0 0 0 0 0 0 0 0 0 0 0 0 0 0 0 0 0 0 0 0 0 0 0 0 0 0 0 0 0 0 0 0 0 0 
0 0 0 0 0 0 0 0 0 0 0 0 0 0 8 43 79 85 82 79 73 73 67 64 64 58 55 52 49 46 41 41 35 32 32 26 20 20 17 14 11 5 2 0 0 0 0 0 0 0 0 0 0 0 0 0 0 0 0 0 0 0 0 0 0 0 2 8 17 41 64 82 96 102 117 126 137 146 158 161 175 178 184 193 199 205 211 213 213 222 219 228 228 225 213 213 202 196 172 146 137 131 126 123 117 108 102 96 90 87 79 73 67 61 55 49 43 38 32 26 20 11 8 2 0 0 0 0 0 0 0 0 0 0 0 0 0 0 0 0 0 0 0 0 0 0 0 0 0 0 0 0 0 0 0 0 0 0 0 0 0 0 0 0 0 0 0 0 0 0 0 0 0 0 0 0 0 0 0 0 
0 0 0 0 0 0 0 0 0 0 0 0 0 0 8 46 85 85 79 76 76 73 67 64 61 58 55 52 49 46 41 38 35 32 32 29 20 20 17 14 11 8 5 0 0 0 0 0 0 0 0 0 0 0 0 0 0 0 0 0 0 0 0 0 0 2 5 14 20 26 52 76 87 105 114 128 137 149 158 167 175 184 190 196 202 211 213 219 228 225 234 231 237 231 225 219 216 196 181 164 134 128 123 114 108 102 96 90 85 82 73 67 61 55 49 43 35 32 26 20 14 8 2 0 0 0 0 0 0 0 0 0 0 0 0 0 0 0 0 0 0 0 0 0 0 0 0 0 0 0 0 0 0 0 0 0 0 0 0 0 0 0 0 0 0 0 0 0 0 0 0 0 0 0 0 0 0 0 0 0 
0 0 0 0 0 0 0 0 0 0 0 0 0 0 2 46 87 85 79 79 73 70 67 64 61 58 55 52 49 43 43 38 35 35 32 26 26 23 17 14 11 8 5 2 0 0 0 0 0 0 0 0 0 0 0 0 0 0 0 0 0 0 0 0 2 8 14 20 26 32 38 64 85 99 111 126 140 149 161 167 181 184 193 199 208 213 222 225 231 240 240 246 240 240 234 222 213 202 184 178 161 126 114 108 102 96 90 85 79 76 67 61 55 49 43 38 32 26 20 14 8 2 0 0 0 0 0 0 0 0 0 0 0 0 0 0 0 0 0 0 0 0 0 0 0 0 0 0 0 0 0 0 0 0 0 0 0 0 0 0 0 0 0 0 0 0 0 0 0 0 0 0 0 0 0 0 0 0 0 0 
0 0 0 0 0 0 0 0 0 0 0 0 0 0 0 55 85 82 79 76 73 70 67 64 61 58 55 52 46 43 41 38 35 35 29 26 26 23 17 17 14 5 5 2 0 0 0 0 0 0 0 0 0 0 0 0 0 0 0 0 0 0 0 2 8 14 17 26 32 38 43 49 67 90 111 123 137 149 158 170 181 187 196 205 211 219 225 231 237 243 246 249 249 240 234 225 211 202 193 175 164 143 120 102 96 90 85 79 73 67 61 55 49 43 38 32 26 20 14 8 2 0 0 0 0 0 0 0 0 0 0 0 0 0 0 0 0 0 0 0 0 0 0 0 0 0 0 0 0 0 0 0 0 0 0 0 0 0 0 0 0 0 0 0 0 0 0 0 0 0 0 0 0 0 0 0 0 0 0 0 
0 0 0 0 0 0 0 0 0 0 0 0 0 0 0 61 85 82 79 76 73 70 67 64 58 55 52 49 46 46 41 38 38 32 29 26 26 20 17 17 11 8 8 5 0 0 0 0 0 0 0 0 0 0 0 0 0 0 0 0 0 0 2 8 14 20 26 32 38 43 49 55 61 73 102 120 131 146 161 167 178 190 202 208 219 222 231 237 243 249 255 255 246 240 231 225 213 202 190 184 167 155 140 117 90 85 79 73 67 61 55 49 43 38 32 26 20 14 8 2 0 0 0 0 0 0 0 0 0 0 0 0 0 0 0 0 0 0 0 0 0 0 0 0 0 0 0 0 0 0 0 0 0 0 0 0 0 0 0 0 0 0 0 0 0 0 0 0 0 0 0 0 0 0 0 0 0 0 0 0 
0 0 0 0 0 0 0 0 0 0 0 0 0 0 0 55 82 79 79 73 70 70 64 61 58 58 52 49 49 43 41 38 35 32 29 29 23 20 20 14 11 8 8 2 0 0 0 0 0 0 0 0 0 0 0 0 0 0 0 0 0 2 8 14 20 26 32 38 43 49 55 61 67 73 79 108 131 143 155 172 178 190 202 213 219 231 231 243 249 255 255 249 243 231 231 219 213 202 190 178 172 155 143 131 108 79 73 67 61 55 49 43 38 32 26 20 14 8 2 0 0 0 0 0 0 0 0 0 0 0 0 0 0 0 0 0 0 0 0 0 0 0 0 0 0 0 0 0 0 0 0 0 0 0 0 0 0 0 0 0 0 0 0 0 0 0 0 0 0 0 0 0 0 0 0 0 0 0 0 0 
0 0 0 0 0 0 0 0 0 0 0 0 0 0 0 49 85 82 79 73 73 70 64 61 61 55 52 52 46 43 41 41 35 32 32 26 23 23 20 17 14 14 8 5 2 0 0 0 0 0 0 0 0 0 0 0 0 0 0 0 2 8 14 20 26 32 38 43 49 55 61 67 73 79 85 90 117 140 155 167 184 190 202 213 225 231 240 246 255 255 249 243 237 231 222 219 208 202 190 178 167 161 146 131 120 102 73 61 55 49 43 38 32 26 20 14 8 2 0 0 0 0 0 0 0 0 0 0 0 0 0 0 0 0 0 0 0 0 0 0 0 0 0 0 0 0 0 0 0 0 0 0 0 0 0 0 0 0 0 0 0 0 0 0 0 0 0 0 0 0 0 0 0 0 0 0 0 0 0 0 
0 0 0 0 0 0 0 0 0 0 0 0 0 0 0 38 82 79 76 76 73 70 67 64 61 55 55 52 46 43 43 38 35 38 32 29 26 23 20 17 14 11 8 5 2 0 0 0 0 0 0 0 0 0 0 0 0 0 0 2 8 14 20 26 32 38 43 49 55 61 67 73 79 85 90 96 102 120 143 164 175 193 202 211 225 234 240 249 249 246 243 237 231 225 219 211 205 196 187 181 170 158 149 137 123 111 90 67 49 43 38 32 26 17 14 8 2 0 0 0 0 0 0 0 0 0 0 0 0 0 0 0 0 0 0 0 0 0 0 0 0 0 0 0 0 0 0 0 0 0 0 0 0 0 0 0 0 0 0 0 0 0 0 0 0 0 0 0 0 0 0 0 0 0 0 0 0 0 0 0 
0 0 0 0 0 0 0 0 0 0 0 0 0 0 0 32 82 79 76 73 70 67 67 64 58 58 55 49 46 46 41 38 41 35 32 29 26 23 20 17 14 11 11 8 5 2 0 0 0 0 0 0 0 0 0 0 0 0 2 8 14 20 26 32 38 43 49 55 61 67 76 79 85 90 96 102 108 114 126 161 178 184 202 213 222 234 240 240 246 240 240 231 225 222 213 208 199 193 184 181 167 161 149 140 126 111 99 85 64 38 32 26 20 14 8 2 0 0 0 0 0 0 0 0 0 0 0 0 0 0 0 0 0 0 0 0 0 0 0 0 0 0 0 0 0 0 0 0 0 0 0 0 0 0 0 0 0 0 0 0 0 0 0 0 0 0 0 0 0 0 0 0 0 0 0 0 0 0 0 0 
0 0 0 0 0 0 0 0 0 0 0 0 0 0 0 29 73 79 79 73 70 67 64 64 61 58 55 52 49 46 41 43 41 35 32 32 26 23 20 20 17 14 11 8 2 2 0 0 0 0 0 0 0 0 0 0 0 2 8 14 20 26 32 35 43 49 55 61 67 73 82 85 90 96 102 108 114 123 128 134 164 181 196 216 219 225 231 237 231 234 225 228 219 213 211 202 196 190 184 175 167 158 149 137 128 114 105 87 76 52 26 20 14 5 2 0 0 0 0 0 0 0 0 0 0 0 0 0 0 0 0 0 0 0 0 0 0 0 0 0 0 0 0 0 0 0 0 0 0 0 0 0 0 0 0 0 0 0 0 0 0 0 0 0 0 0 0 0 0 0 0 0 0 0 0 0 0 0 0 0 
0 0 0 0 0 0 0 0 0 0 0 0 0 0 0 26 58 79 79 73 73 67 64 61 61 58 55 52 49 43 43 43 38 35 35 29 26 26 23 20 17 14 8 8 8 2 0 0 0 0 0 0 0 0 0 0 2 8 11 20 26 32 38 43 49 55 61 67 73 79 87 90 96 102 108 117 123 126 131 137 146 172 196 202 213 213 225 228 228 219 222 213 213 211 205 199 193 184 178 175 161 158 146 137 126 117 102 96 82 64 41 17 8 2 0 0 0 0 0 0 0 0 0 0 0 0 0 0 0 0 0 0 0 0 0 0 0 0 0 0 0 0 0 0 0 0 0 0 0 0 0 0 0 0 0 0 0 0 0 0 0 0 0 0 0 0 0 0 0 0 0 0 0 0 0 0 0 0 0 0 
0 0 0 0 0 0 0 0 0 0 0 0 0 0 2 26 52 76 76 73 73 67 67 64 58 58 55 52 49 46 46 41 38 38 32 32 29 26 23 20 17 14 11 8 5 2 2 0 0 0 0 0 0 0 0 0 8 14 20 26 32 38 43 49 55 61 67 73 79 87 90 96 102 111 117 123 126 131 140 146 152 152 172 190 202 211 211 216 216 216 211 211 202 205 199 187 187 181 178 167 158 149 143 137 126 117 108 93 82 70 52 38 8 0 0 0 0 0 0 0 0 0 0 0 0 0 0 0 0 0 0 0 0 0 0 0 0 0 0 0 0 0 0 0 0 0 0 0 0 0 0 0 0 0 0 0 0 0 0 0 0 0 0 0 0 0 0 0 0 0 0 0 0 0 0 0 0 0 0 0 
0 0 0 0 0 0 0 0 0 0 0 0 0 0 0 23 46 64 79 73 70 70 67 61 58 61 55 52 49 46 46 43 41 35 35 32 29 26 23 23 20 14 11 8 8 5 2 0 0 0 0 0 0 0 2 8 11 17 26 32 38 43 49 55 61 67 73 79 87 93 96 102 111 117 123 128 134 140 146 152 152 152 152 164 181 193 205 202 202 208 205 196 196 193 193 181 175 178 172 164 152 146 146 131 126 111 108 99 82 70 61 46 32 11 0 0 0 0 0 0 0 0 0 0 0 0 0 0 0 0 0 0 0 0 0 0 0 0 0 0 0 0 0 0 0 0 0 0 0 0 0 0 0 0 0 0 0 0 0 0 0 0 0 0 0 0 0 0 0 0 0 0 0 0 0 0 0 0 0 0 
0 0 0 0 0 0 0 0 0 0 0 0 0 0 2 20 38 58 76 73 70 70 67 64 61 61 55 52 49 46 46 43 41 35 35 32 29 26 26 23 17 14 14 11 8 5 5 0 0 0 0 0 0 0 5 14 20 23 32 38 43 49 55 61 70 73 79 87 93 99 102 111 117 123 128 134 140 149 149 149 152 152 149 149 158 178 184 193 193 190 196 190 181 187 181 178 170 172 161 158 149 143 140 128 123 111 105 93 85 70 61 55 43 35 20 0 0 0 0 0 0 0 0 0 0 0 0 0 0 0 0 0 0 0 0 0 0 0 0 0 0 0 0 0 0 0 0 0 0 0 0 0 0 0 0 0 0 0 0 0 0 0 0 0 0 0 0 0 0 0 0 0 0 0 0 0 0 0 0 0 
0 0 0 0 0 0 0 0 0 0 0 0 0 0 2 17 35 49 67 76 73 67 67 64 61 58 58 55 49 49 46 43 38 41 35 32 29 29 26 20 23 17 14 11 11 8 2 0 0 0 0 0 0 8 11 17 26 32 35 43 49 58 61 67 76 79 85 93 99 105 111 117 126 128 134 143 146 146 149 149 146 149 149 149 146 152 170 172 178 181 175 178 184 175 172 167 170 161 155 149 146 140 131 126 117 111 99 93 82 73 67 58 52 46 35 26 0 0 0 0 0 0 0 0 0 0 0 0 0 0 0 0 0 0 0 0 0 0 0 0 0 0 0 0 0 0 0 0 0 0 0 0 0 0 0 0 0 0 0 0 0 0 0 0 0 0 0 0 0 0 0 0 0 0 0 0 0 0 0 0 
0 0 0 0 0 0 0 0 0 0 0 0 0 0 2 14 29 46 58 76 73 70 70 64 61 58 58 52 52 49 46 43 43 41 35 32 32 29 23 26 20 17 17 14 11 5 8 2 0 0 0 0 5 11 20 23 32 38 43 49 55 64 67 76 82 85 93 99 108 111 120 126 128 137 143 146 146 146 149 146 146 146 146 146 146 146 137 152 164 170 164 164 170 170 161 161 158 152 152 146 137 134 126 120 111 105 102 87 82 76 73 67 61 55 52 38 29 2 0 0 0 0 0 0 0 0 0 0 0 0 0 0 0 0 0 0 0 0 0 0 0 0 0 0 0 0 0 0 0 0 0 0 0 0 0 0 0 0 0 0 0 0 0 0 0 0 0 0 0 0 0 0 0 0 0 0 0 0 0 0 
0 0 0 0 0 0 0 0 0 0 0 0 0 0 0 11 29 41 52 64 76 70 64 67 64 58 58 55 52 49 46 43 43 38 38 35 32 29 29 23 20 20 17 14 11 11 5 5 2 0 0 5 11 17 23 32 35 43 49 55 61 70 73 82 87 93 99 108 111 120 126 131 137 146 143 143 146 143 143 146 143 143 146 143 143 140 131 126 134 146 149 155 155 155 155 149 149 143 143 137 128 126 120 111 108 99 93 85 82 79 76 73 70 64 55 55 41 32 8 0 0 0 0 0 0 0 0 0 0 0 0 0 0 0 0 0 0 0 0 0 0 0 0 0 0 0 0 0 0 0 0 0 0 0 0 0 0 0 0 0 0 0 0 0 0 0 0 0 0 0 0 0 0 0 0 0 0 0 0 0 
0 0 0 0 0 0 0 0 0 0 0 0 0 0 2 14 23 35 49 58 70 70 67 67 61 58 58 55 49 52 49 46 43 41 41 35 32 32 29 23 23 20 17 17 14 8 8 5 2 0 5 11 17 23 29 38 41 49 55 61 70 76 82 87 96 99 108 114 120 126 131 140 143 140 143 143 143 143 143 143 143 143 143 143 140 134 128 120 117 114 134 140 140 140 140 140 140 134 128 128 123 117 114 108 96 96 85 85 87 85 79 76 76 70 64 58 52 43 32 11 0 0 0 0 0 0 0 0 0 0 0 0 0 0 0 0 0 0 0 0 0 0 0 0 0 0 0 0 0 0 0 0 0 0 0 0 0 0 0 0 0 0 0 0 0 0 0 0 0 0 0 0 0 0 0 0 0 0 0 0 
0 0 0 0 0 0 0 0 0 0 0 0 0 0 0 11 20 29 43 55 67 73 67 67 64 61 58 55 55 52 46 46 43 41 38 38 35 32 29 29 23 20 20 17 14 11 8 8 2 2 11 14 23 32 35 43 49 55 64 67 76 85 87 96 99 108 117 120 128 134 140 140 140 140 143 140 140 143 140 140 140 140 143 140 134 128 123 114 111 102 102 120 126 128 126 126 128 123 123 114 111 114 102 99 93 87 87 87 87 87 82 82 76 76 67 67 58 55 46 35 14 0 0 0 0 0 0 0 0 0 0 0 0 0 0 0 0 0 0 0 0 0 0 0 0 0 0 0 0 0 0 0 0 0 0 0 0 0 0 0 0 0 0 0 0 0 0 0 0 0 0 0 0 0 0 0 0 0 0 0 
0 0 0 0 0 0 0 0 0 0 0 0 0 0 0 8 17 26 38 46 58 73 70 70 64 61 61 58 55 52 49 49 43 43 41 35 35 32 32 26 23 23 20 17 14 11 11 5 8 11 17 23 29 38 41 49 58 61 70 76 82 90 96 102 108 117 123 128 137 137 140 140 140 140 137 140 140 140 140 137 140 140 140 137 128 126 117 111 105 96 90 87 105 105 111 114 114 114 108 105 105 99 96 93 87 90 87 87 87 87 85 85 82 76 79 70 67 61 55 46 38 26 0 0 0 0 0 0 0 0 0 0 0 0 0 0 0 0 0 0 0 0 0 0 0 0 0 0 0 0 0 0 0 0 0 0 0 0 0 0 0 0 0 0 0 0 0 0 0 0 0 0 0 0 0 0 0 0 0 0 
0 0 0 0 0 0 0 0 0 0 0 0 0 0 0 5 17 23 32 43 52 61 70 70 64 64 61 55 58 52 52 46 46 43 41 38 38 35 29 26 26 23 20 20 14 14 8 11 14 23 23 29 35 43 49 55 64 70 76 82 90 96 102 111 117 126 128 137 137 137 140 137 140 137 137 140 137 140 137 137 137 137 140 131 128 120 111 105 99 93 85 79 73 85 93 96 99 99 99 93 93 90 85 85 85 87 87 87 87 87 87 87 85 82 79 79 70 67 64 58 46 35 29 0 0 0 0 0 0 0 0 0 0 0 0 0 0 0 0 0 0 0 0 0 0 0 0 0 0 0 0 0 0 0 0 0 0 0 0 0 0 0 0 0 0 0 0 0 0 0 0 0 0 0 0 0 0 0 0 0 
0 0 0 0 0 0 0 0 0 0 0 0 0 0 0 2 11 23 29 41 49 58 67 70 67 61 61 58 58 52 52 49 46 43 41 41 35 35 32 32 26 26 23 17 17 14 14 17 23 29 35 35 41 49 55 64 70 76 85 90 99 102 111 117 126 134 137 137 137 137 137 137 134 137 137 137 137 137 137 137 137 134 134 126 123 114 108 99 93 87 79 73 64 58 70 82 82 82 85 82 82 82 79 82 82 87 85 87 85 87 85 90 87 85 82 82 76 73 67 67 58 46 41 29 8 0 0 0 0 0 0 0 0 0 0 0 0 0 0 0 0 0 0 0 0 0 0 0 0 0 0 0 0 0 0 0 0 0 0 0 0 0 0 0 0 0 0 0 0 0 0 0 0 0 0 0 0 0 0 0 
0 0 0 0 0 0 0 0 0 0 0 0 0 0 0 2 8 20 26 38 46 52 58 67 67 64 64 58 58 55 52 49 49 46 43 38 41 35 35 29 26 26 23 20 17 17 17 26 29 38 38 46 46 55 61 70 79 85 93 99 105 111 120 126 134 134 137 134 137 134 134 137 134 137 134 137 134 137 134 137 134 137 131 126 117 108 102 93 87 79 73 67 61 52 46 49 67 67 67 73 73 70 73 82 79 85 85 87 87 87 87 87 87 87 85 85 79 79 73 70 67 61 49 41 32 8 0 0 0 0 0 0 0 0 0 0 0 0 0 0 0 0 0 0 0 0 0 0 0 0 0 0 0 0 0 0 0 0 0 0 0 0 0 0 0 0 0 0 0 0 0 0 0 0 0 0 0 0 0 0 
0 0 0 0 0 0 0 0 0 0 0 0 0 0 0 2 8 17 26 35 41 46 55 64 70 64 64 61 58 55 52 52 49 43 43 41 41 35 35 32 29 26 26 23 20 20 29 32 38 41 46 52 55 64 70 79 85 93 102 108 114 120 128 134 134 134 134 134 134 134 134 134 134 134 134 134 134 134 134 134 134 134 126 120 111 105 96 90 82 76 67 61 52 46 38 32 29 46 52 55 61 67 67 73 79 79 82 85 85 90 85 90 85 90 87 85 82 79 82 73 70 67 61 52 43 32 14 0 0 0 0 0 0 0 0 0 0 0 0 0 0 0 0 0 0 0 0 0 0 0 0 0 0 0 0 0 0 0 0 0 0 0 0 0 0 0 0 0 0 0 0 0 0 0 0 0 0 0 0 0 
0 0 0 0 0 0 0 0 0 0 0 0 0 0 0 0 5 11 23 26 35 41 52 55 64 70 64 64 58 58 55 52 49 49 43 43 41 41 35 32 29 29 26 23 26 32 35 41 46 52 52 58 61 70 76 85 90 102 108 117 123 131 131 134 131 134 131 134 131 134 131 134 131 134 131 134 131 134 131 134 134 128 123 114 108 99 93 85 76 67 61 52 46 38 32 23 17 11 29 43 49 58 64 70 70 76 79 82 85 87 87 85 87 87 87 87 85 82 82 82 73 73 64 64 52 43 38 17 0 0 0 0 0 0 0 0 0 0 0 0 0 0 0 0 0 0 0 0 0 0 0 0 0 0 0 0 0 0 0 0 0 0 0 0 0 0 0 0 0 0 0 0 0 0 0 0 0 0 0 0 
0 0 0 0 0 0 0 0 0 0 0 0 0 0 0 0 2 11 20 26 32 38 46 49 58 70 67 64 61 58 55 55 49 49 46 46 41 38 35 35 35 29 29 29 35 35 43 46 55 55 67 70 73 79 85 93 99 111 117 126 131 134 131 134 131 134 131 131 131 131 131 131 131 131 134 131 134 131 134 131 131 123 117 108 99 90 85 76 70 64 55 46 38 32 23 17 8 2 0 26 41 46 55 64 67 70 76 82 79 85 85 87 87 85 87 85 87 87 85 82 79 76 70 67 64 55 43 41 23 0 0 0 0 0 0 0 0 0 0 0 0 0 0 0 0 0 0 0 0 0 0 0 0 0 0 0 0 0 0 0 0 0 0 0 0 0 0 0 0 0 0 0 0 0 0 0 0 0 0 0 
0 0 0 0 0 0 0 0 0 0 0 0 0 0 0 0 5 8 17 20 29 35 41 46 55 61 67 64 61 61 55 55 52 52 49 43 43 41 38 35 32 32 29 35 41 46 49 58 61 67 73 79 85 90 93 102 111 120 126 131 131 128 131 131 131 131 131 131 131 131 128 131 131 131 131 131 131 131 131 128 126 120 111 102 93 87 79 70 61 55 49 38 32 23 17 5 0 0 0 0 20 38 43 55 61 67 70 76 76 82 82 87 85 90 87 85 90 85 87 85 79 82 76 70 67 64 55 46 41 26 0 0 0 0 0 0 0 0 0 0 0 0 0 0 0 0 0 0 0 0 0 0 0 0 0 0 0 0 0 0 0 0 0 0 0 0 0 0 0 0 0 0 0 0 0 0 0 0 0 0 
0 0 0 0 0 0 0 0 0 0 0 0 0 0 0 0 2 5 14 17 26 32 38 43 46 58 61 67 61 61 58 58 55 49 49 46 43 41 38 38 35 32 35 46 49 52 61 64 73 76 82 87 93 99 102 114 120 128 131 128 131 128 131 131 128 131 128 131 128 131 131 128 131 128 131 128 131 131 128 131 120 114 102 96 90 79 73 64 55 46 41 32 23 17 5 0 0 0 0 0 0 17 38 43 58 61 70 70 76 79 82 85 85 87 87 87 87 87 85 85 82 82 79 76 70 70 61 58 46 41 26 2 0 0 0 0 0 0 0 0 0 0 0 0 0 0 0 0 0 0 0 0 0 0 0 0 0 0 0 0 0 0 0 0 0 0 0 0 0 0 0 0 0 0 0 0 0 0 0 0 
0 0 0 0 0 0 0 0 0 0 0 0 0 0 0 0 0 5 11 14 23 26 35 41 43 52 55 64 64 64 61 55 58 52 49 49 46 43 41 38 38 41 43 49 55 64 67 76 79 87 93 99 102 108 117 120 128 128 131 128 131 128 128 128 128 131 128 128 128 128 131 128 128 128 128 131 128 128 128 126 117 108 99 90 82 76 64 58 46 41 32 23 14 5 0 0 0 0 0 0 0 0 14 32 43 52 61 67 70 76 76 82 82 87 85 87 87 87 87 85 85 87 85 82 76 76 70 64 61 49 43 29 5 0 0 0 0 0 0 0 0 0 0 0 0 0 0 0 0 0 0 0 0 0 0 0 0 0 0 0 0 0 0 0 0 0 0 0 0 0 0 0 0 0 0 0 0 0 0 0 
0 0 0 0 0 0 0 0 0 0 0 0 0 0 0 0 0 2 8 11 20 23 32 32 41 46 52 55 61 64 64 58 55 55 52 49 46 43 43 41 41 43 49 61 64 70 79 82 93 96 99 111 117 123 128 128 128 128 126 128 128 128 128 128 128 128 128 128 128 128 128 126 128 128 128 128 128 128 128 120 111 102 93 85 76 67 58 49 41 32 23 14 5 0 0 0 0 0 0 0 0 0 0 8 32 43 52 58 70 70 73 79 79 82 85 85 87 87 87 87 87 85 85 85 79 79 73 67 70 58 52 41 32 2 0 0 0 0 0 0 0 0 0 0 0 0 0 0 0 0 0 0 0 0 0 0 0 0 0 0 0 0 0 0 0 0 0 0 0 0 0 0 0 0 0 0 0 0 0 0 
0 0 0 0 0 0 0 0 0 0 0 0 0 0 0 0 0 2 5 11 17 20 29 29 38 43 49 52 61 64 64 61 58 55 52 49 49 46 43 41 46 55 58 70 73 82 90 96 99 108 117 123 126 131 134 128 128 128 126 128 128 126 128 128 126 128 126 128 128 126 128 128 126 128 128 126 128 126 123 114 105 96 87 76 70 61 49 41 32 23 14 2 0 0 0 0 0 0 0 0 0 0 0 0 8 26 41 52 58 64 70 76 76 82 85 82 85 87 85 90 87 87 85 85 85 82 76 73 70 64 58 55 43 35 8 0 0 0 0 0 0 0 0 0 0 0 0 0 0 0 0 0 0 0 0 0 0 0 0 0 0 0 0 0 0 0 0 0 0 0 0 0 0 0 0 0 0 0 0 0 
0 0 0 0 0 0 0 0 0 0 0 0 0 0 0 0 0 0 5 8 14 17 26 29 35 41 43 49 55 58 64 64 58 58 55 52 49 49 46 49 58 64 70 76 82 93 96 105 117 120 126 137 137 134 134 128 128 128 126 126 128 126 126 128 126 126 128 126 126 128 126 126 128 126 128 128 126 128 117 108 99 87 79 70 61 52 43 32 23 14 2 0 0 0 0 0 0 0 0 0 0 0 0 0 0 5 26 41 52 58 67 70 73 79 79 85 85 82 87 87 87 85 87 85 82 87 79 76 76 73 64 61 55 46 32 11 0 0 0 0 0 0 0 0 0 0 0 0 0 0 0 0 0 0 0 0 0 0 0 0 0 0 0 0 0 0 0 0 0 0 0 0 0 0 0 0 0 0 0 0 
0 0 0 0 0 0 0 0 0 0 0 0 0 0 0 0 0 0 2 8 11 14 23 26 29 38 38 46 49 55 61 64 61 58 58 52 52 49 46 58 67 70 79 87 96 102 114 120 123 134 143 140 137 137 134 131 128 126 126 126 126 126 126 126 126 126 126 126 126 126 126 126 126 128 126 126 128 123 114 105 93 82 73 61 52 43 32 23 14 2 0 0 0 0 0 0 0 0 0 0 0 0 0 0 0 0 2 29 41 55 55 64 73 73 76 82 82 85 85 87 85 90 90 85 85 85 85 79 79 76 73 64 61 55 49 32 17 0 0 0 0 0 0 0 0 0 0 0 0 0 0 0 0 0 0 0 0 0 0 0 0 0 0 0 0 0 0 0 0 0 0 0 0 0 0 0 0 0 0 0 
0 0 0 0 0 0 0 0 0 0 0 0 0 0 0 0 0 0 0 8 8 14 20 23 26 35 35 43 46 49 55 61 64 61 58 55 52 52 58 64 76 85 93 99 108 114 123 131 140 146 143 143 140 137 134 134 131 128 123 126 126 126 126 126 126 126 126 126 126 126 126 123 126 126 126 126 126 117 105 96 87 73 64 55 43 32 23 14 2 0 0 0 0 0 0 0 0 0 0 0 0 0 0 0 0 0 0 2 23 38 52 52 64 67 73 76 79 82 87 85 85 87 87 87 85 87 82 85 82 79 76 73 64 64 55 46 35 20 0 0 0 0 0 0 0 0 0 0 0 0 0 0 0 0 0 0 0 0 0 0 0 0 0 0 0 0 0 0 0 0 0 0 0 0 0 0 0 0 0 0 
0 0 0 0 0 0 0 0 0 0 0 0 0 0 0 0 0 0 0 2 8 11 20 20 23 32 32 38 43 49 49 58 61 61 61 58 55 58 70 79 85 90 105 114 120 126 140 143 149 149 149 140 137 140 137 131 131 128 123 123 126 126 123 126 126 123 123 126 126 123 126 126 123 123 126 126 123 111 102 87 79 67 58 43 35 23 11 0 0 0 0 0 0 0 0 0 0 0 0 0 0 0 0 0 0 0 0 0 2 23 38 55 55 64 70 73 76 79 82 85 85 87 87 87 87 85 85 85 87 82 79 76 73 67 64 52 49 38 14 0 0 0 0 0 0 0 0 0 0 0 0 0 0 0 0 0 0 0 0 0 0 0 0 0 0 0 0 0 0 0 0 0 0 0 0 0 0 0 0 0 
0 0 0 0 0 0 0 0 0 0 0 0 0 0 0 0 0 0 0 2 5 8 17 17 20 29 29 35 41 46 46 52 58 61 61 61 61 70 73 87 99 105 114 126 134 143 152 158 152 146 149 143 140 140 137 134 131 131 128 123 123 126 126 123 123 126 123 123 126 126 123 123 126 126 123 123 117 105 93 82 70 55 46 35 23 11 0 0 0 0 0 0 0 0 0 0 0 0 0 0 0 0 0 0 0 0 0 0 0 0 20 38 49 55 64 70 73 76 79 82 82 87 85 87 90 87 87 85 87 82 82 79 76 73 70 64 55 52 38 20 0 0 0 0 0 0 0 0 0 0 0 0 0 0 0 0 0 0 0 0 0 0 0 0 0 0 0 0 0 0 0 0 0 0 0 0 0 0 0 0 
0 0 0 0 0 0 0 0 0 0 0 0 0 0 0 0 0 0 0 0 2 5 11 14 20 26 26 32 35 43 43 46 55 58 58 61 73 82 90 99 111 123 131 140 149 161 158 155 152 152 152 143 143 140 143 134 131 128 134 126 123 123 126 123 123 123 126 123 123 123 126 123 123 123 126 120 108 96 85 70 58 46 35 20 8 0 0 0 0 0 0 0 0 0 0 0 0 0 0 0 0 0 0 0 0 0 0 0 0 0 0 17 35 52 55 58 70 76 76 76 82 82 87 85 87 87 87 87 85 87 82 82 76 79 76 70 58 58 52 38 20 0 0 0 0 0 0 0 0 0 0 0 0 0 0 0 0 0 0 0 0 0 0 0 0 0 0 0 0 0 0 0 0 0 0 0 0 0 0 0 
0 0 0 0 0 0 0 0 0 0 0 0 0 0 0 0 0 0 0 0 0 5 8 11 17 20 29 29 32 41 43 43 46 55 58 64 79 93 105 114 123 131 146 161 164 161 158 158 152 152 149 146 146 140 140 140 137 131 128 126 126 123 123 123 123 123 123 123 126 123 123 123 123 123 123 117 105 87 76 64 49 38 23 8 0 0 0 0 0 0 0 0 0 0 0 0 0 0 0 0 0 0 0 0 0 0 0 0 0 0 0 0 20 35 49 58 61 70 70 76 79 82 82 85 85 87 87 85 87 85 87 82 79 82 79 76 67 61 61 52 38 20 0 0 0 0 0 0 0 0 0 0 0 0 0 0 0 0 0 0 0 0 0 0 0 0 0 0 0 0 0 0 0 0 0 0 0 0 0 0 
0 0 0 0 0 0 0 0 0 0 0 0 0 0 0 0 0 0 0 0 0 2 5 11 14 17 26 26 29 32 41 41 43 49 55 73 90 102 117 131 143 149 161 167 170 164 161 158 155 155 149 149 146 143 143 137 131 134 131 128 126 120 123 123 123 123 123 123 123 123 123 123 123 123 123 108 93 82 67 52 35 23 8 0 0 0 0 0 0 0 0 0 0 0 0 0 0 0 0 0 0 0 0 0 0 0 0 0 0 0 0 0 0 11 38 49 58 58 67 73 79 79 79 85 87 85 85 85 87 87 87 85 82 82 82 79 70 67 64 61 49 41 23 0 0 0 0 0 0 0 0 0 0 0 0 0 0 0 0 0 0 0 0 0 0 0 0 0 0 0 0 0 0 0 0 0 0 0 0 0 
0 0 0 0 0 0 0 0 0 0 0 0 0 0 0 0 0 0 0 0 0 0 5 8 11 14 23 23 26 29 35 41 41 43 58 79 96 117 131 146 161 172 170 170 167 167 167 158 158 155 152 152 143 146 143 140 137 131 131 131 128 126 120 120 123 123 123 123 120 123 123 123 123 120 117 102 87 70 52 38 23 8 0 0 0 0 0 0 0 0 0 0 0 0 0 0 0 0 0 0 0 0 0 0 0 0 0 0 0 0 0 0 0 0 14 38 46 58 64 70 70 76 82 82 85 82 87 85 87 87 85 87 82 85 82 82 76 70 70 67 58 49 41 23 0 0 0 0 0 0 0 0 0 0 0 0 0 0 0 0 0 0 0 0 0 0 0 0 0 0 0 0 0 0 0 0 0 0 0 0 
0 0 0 0 0 0 0 0 0 0 0 0 0 0 0 0 0 0 0 0 0 0 2 5 8 11 20 20 23 26 32 38 38 43 67 85 108 128 149 164 181 175 175 172 170 167 164 161 161 158 155 152 149 143 143 143 140 137 131 128 128 126 126 123 120 120 123 123 123 123 120 120 123 123 111 90 73 58 41 23 8 0 0 0 0 0 0 0 0 0 0 0 0 0 0 0 0 0 0 0 0 0 0 0 0 0 0 0 0 0 0 0 0 0 0 11 41 46 55 64 64 73 79 82 79 82 82 90 87 85 85 85 87 85 85 79 79 76 73 73 67 58 46 43 23 0 0 0 0 0 0 0 0 0 0 0 0 0 0 0 0 0 0 0 0 0 0 0 0 0 0 0 0 0 0 0 0 0 0 0 
0 0 0 0 0 0 0 0 0 0 0 0 0 0 0 0 0 0 0 0 0 0 0 2 8 11 17 17 20 26 29 32 38 49 76 96 117 137 167 184 181 178 175 172 175 170 167 161 158 158 155 158 152 149 143 140 137 140 137 134 128 126 123 123 123 123 120 120 120 123 123 123 123 117 99 82 61 43 26 2 0 0 0 0 0 0 0 0 0 0 0 0 0 0 0 0 0 0 0 0 0 0 0 0 0 0 0 0 0 0 0 0 0 0 0 0 14 38 46 55 67 70 73 73 79 79 85 85 87 85 85 85 87 90 85 82 82 79 79 76 73 64 55 49 43 20 0 0 0 0 0 0 0 0 0 0 0 0 0 0 0 0 0 0 0 0 0 0 0 0 0 0 0 0 0 0 0 0 0 0 
0 0 0 0 0 0 0 0 0 0 0 0 0 0 0 0 0 0 0 0 0 0 0 2 5 8 11 14 20 23 26 29 35 61 85 111 134 158 175 181 187 178 178 175 172 172 170 170 161 158 155 155 155 152 152 143 140 137 134 137 134 131 126 123 120 120 123 123 123 120 120 120 120 111 90 67 43 23 2 0 0 0 0 0 0 0 0 0 0 0 0 0 0 0 0 0 0 0 0 0 0 0 0 0 0 0 0 0 0 0 0 0 0 0 0 0 0 11 41 46 55 64 67 73 76 82 82 82 82 85 87 85 87 87 87 85 82 82 79 82 76 67 64 55 52 43 20 0 0 0 0 0 0 0 0 0 0 0 0 0 0 0 0 0 0 0 0 0 0 0 0 0 0 0 0 0 0 0 0 0 
0 0 0 0 0 0 0 0 0 0 0 0 0 0 0 0 0 0 0 0 0 0 0 0 2 5 8 14 17 20 23 26 43 70 102 128 155 167 172 175 178 184 181 178 175 172 172 170 167 161 161 155 152 152 149 149 146 140 140 134 131 128 126 128 126 120 120 120 120 120 120 123 123 96 73 49 26 2 0 0 0 0 0 0 0 0 0 0 0 0 0 0 0 0 0 0 0 0 0 0 0 0 0 0 0 0 0 0 0 0 0 0 0 0 0 0 0 0 14 38 49 55 64 70 73 76 79 82 82 85 85 90 87 85 87 85 85 82 82 82 79 73 67 64 58 52 43 17 0 0 0 0 0 0 0 0 0 0 0 0 0 0 0 0 0 0 0 0 0 0 0 0 0 0 0 0 0 0 0 0 
0 0 0 0 0 0 0 0 0 0 0 0 0 0 0 0 0 0 0 0 0 0 0 0 0 2 8 11 14 17 20 26 55 87 120 152 161 164 167 172 175 175 178 181 181 175 172 170 170 167 161 158 155 152 149 149 146 143 143 140 134 131 128 126 123 120 120 123 123 120 120 120 111 85 55 29 0 0 0 0 0 0 0 0 0 0 0 0 0 0 0 0 0 0 0 0 0 0 0 0 0 0 0 0 0 0 0 0 0 0 0 0 0 0 0 0 0 0 0 14 41 49 58 64 67 73 76 79 82 85 87 85 87 85 85 87 85 85 82 85 79 76 73 67 64 61 52 38 17 0 0 0 0 0 0 0 0 0 0 0 0 0 0 0 0 0 0 0 0 0 0 0 0 0 0 0 0 0 0 0 
0 0 0 0 0 0 0 0 0 0 0 0 0 0 0 0 0 0 0 0 0 0 0 0 0 2 5 8 11 14 17 38 76 111 152 155 161 161 164 170 172 172 175 178 181 178 175 175 170 167 164 164 161 155 152 149 146 146 143 143 137 134 134 131 126 123 120 120 120 120 120 120 99 64 32 0 0 0 0 0 0 0 0 0 0 0 0 0 0 0 0 0 0 0 0 0 0 0 0 0 0 0 0 0 0 0 0 0 0 0 0 0 0 0 0 0 0 0 0 0 17 38 49 58 64 67 73 79 79 82 82 85 85 87 85 85 87 85 85 85 82 79 76 73 67 67 58 49 38 17 0 0 0 0 0 0 0 0 0 0 0 0 0 0 0 0 0 0 0 0 0 0 0 0 0 0 0 0 0 0 
0 0 0 0 0 0 0 0 0 0 0 0 0 0 0 0 0 0 0 0 0 0 0 0 0 0 2 5 8 11 14 58 102 146 149 152 155 158 161 164 167 172 172 175 178 181 178 175 172 170 167 164 164 158 155 155 149 146 143 140 140 137 134 131 128 126 123 120 120 123 123 117 76 32 0 0 0 0 0 0 0 0 0 0 0 0 0 0 0 0 0 0 0 0 0 0 0 0 0 0 0 0 0 0 0 0 0 0 0 0 0 0 0 0 0 0 0 0 0 0 2 17 38 49 58 64 70 73 76 82 82 85 85 85 87 85 87 85 87 85 82 82 76 76 73 70 64 58 49 38 14 0 0 0 0 0 0 0 0 0 0 0 0 0 0 0 0 0 0 0 0 0 0 0 0 0 0 0 0 0 
0 0 0 0 0 0 0 0 0 0 0 0 0 0 0 0 0 0 0 0 0 0 0 0 0 0 0 2 5 8 32 93 140 143 146 149 152 155 158 161 164 167 170 175 175 178 181 178 175 172 170 167 164 161 158 155 152 149 146 143 140 137 137 131 131 128 126 123 120 120 120 96 41 0 0 0 0 0 0 0 0 0 0 0 0 0 0 0 0 0 0 0 0 0 0 0 0 0 0 0 0 0 0 0 0 0 0 0 0 0 0 0 0 0 0 0 0 0 0 0 0 2 23 38 49 58 64 70 73 76 79 82 85 85 85 85 90 87 85 85 85 85 82 79 76 73 70 64 58 49 38 8 0 0 0 0 0 0 0 0 0 0 0 0 0 0 0 0 0 0 0 0 0 0 0 0 0 0 0 0 
0 0 0 0 0 0 0 0 0 0 0 0 0 0 0 0 0 0 0 0 0 0 0 0 0 0 0 2 5 8 76 134 137 140 143 146 149 152 155 158 161 164 167 170 172 175 178 184 178 175 172 170 167 164 161 158 155 152 149 146 143 140 137 134 131 128 126 123 120 120 120 55 0 0 0 0 0 0 0 0 0 0 0 0 0 0 0 0 0 0 0 0 0 0 0 0 0 0 0 0 0 0 0 0 0 0 0 0 0 0 0 0 0 0 0 0 0 0 0 0 0 0 2 32 41 49 58 64 70 73 76 79 82 85 85 85 85 87 87 85 85 85 85 82 79 76 73 70 64 58 49 32 2 0 0 0 0 0 0 0 0 0 0 0 0 0 0 0 0 0 0 0 0 0 0 0 0 0 0 0 
0 0 0 0 0 0 0 0 0 0 0 0 0 0 0 0 0 0 0 0 0 0 0 0 0 0 0 0 2 29 128 131 134 137 140 143 146 149 152 155 158 161 164 167 170 172 175 178 181 178 175 172 170 167 164 161 158 155 152 149 146 143 140 137 134 131 128 126 123 120 93 0 0 0 0 0 0 0 0 0 0 0 0 0 0 0 0 0 0 0 0 0 0 0 0 0 0 0 0 0 0 0 0 0 0 0 0 0 0 0 0 0 0 0 0 0 0 0 0 0 0 0 0 2 32 43 55 61 67 73 73 79 79 85 85 85 85 85 90 85 85 85 85 85 79 79 73 73 67 61 55 43 32 2 0 0 0 0 0 0 0 0 0 0 0 0 0 0 0 0 0 0 0 0 0 0 0 0 0 0 
